기간	컬럼1	컬럼2	합계	합계	합계	자영업주 및 무급가족	자영업주 및 무급가족	상용근로자	상용근로자	임시 및 일용근로자	임시 및 일용근로자	기타 종사자	기타 종사자
기간	컬럼1	컬럼2	사업체수	총종사자수	여성종사자	소계	여성종사자	소계	여성종사자	소계	여성종사자	소계	여성종사자
2016	합계	합계	820,156	5,079,451	2,232,049	746,054	307,919	3,460,938	1,492,985	666,090	309,489	206,369	121,656
2016	종로구	소계	40,664	268,309	113,975	37,659	15,096	196,356	80,945	26,582	13,440	7,712	4,494
2016	종로구	사직동	3,489	53,850	22,208	2,069	1,011	45,039	18,489	5,767	2,286	975	422
2016	종로구	삼청동	751	4,823	2,475	584	320	3,470	1,619	620	427	149	109
2016	종로구	부암동	575	3,690	1,794	521	257	2,633	1,225	311	186	225	126
2016	종로구	평창동	708	2,990	1,585	606	302	1,854	995	382	222	148	66
2016	종로구	무악동	573	1,472	716	554	123	797	525	42	17	79	51
2016	종로구	교남동	302	3,612	2,108	257	111	3,045	1,795	153	101	157	101
2016	종로구	가회동	770	14,215	3,421	666	361	11,374	2,342	2,108	682	67	36
2016	종로구	종로1.2.3.4가동	15,970	110,743	44,602	14,349	5,472	84,520	32,698	9,224	4,845	2,650	1,587
2016	종로구	종로5·6가동	7,691	23,392	8,933	8,000	3,026	12,983	4,668	1,697	961	712	278
2016	종로구	이화동	1,248	16,032	9,349	996	421	13,067	7,795	1,671	1,042	298	91
2016	종로구	창신1동	2,273	6,340	3,225	2,486	913	2,679	1,516	733	446	442	350
2016	종로구	창신2동	872	2,429	1,358	1,119	478	572	344	411	283	327	253
2016	종로구	창신3동	283	874	414	301	116	475	231	88	61	10	6
2016	종로구	숭인1동	533	1,587	871	614	253	571	333	141	103	261	182
2016	종로구	숭인2동	1,881	6,819	3,623	1,975	716	3,674	2,127	627	323	543	457
2016	종로구	청운효자동	1,009	6,415	2,892	921	484	4,633	1,823	703	465	158	120
2016	종로구	혜화동	1,736	9,026	4,401	1,641	732	4,970	2,420	1,904	990	511	259
2016	중구	소계	63,640	402,892	181,135	63,625	29,100	292,930	123,843	32,899	19,714	13,438	8,478
2016	중구	소공동	3,929	65,041	27,289	2,381	1,080	56,809	22,588	3,075	1,917	2,776	1,704
2016	중구	회현동	9,697	52,540	24,400	10,106	5,992	36,828	14,566	3,687	2,393	1,919	1,449
2016	중구	명동	6,778	115,866	51,709	4,334	1,869	100,326	42,573	7,908	5,037	3,298	2,230
2016	중구	필동	3,159	24,075	10,185	2,508	816	18,022	7,438	3,031	1,514	514	417
2016	중구	장충동	911	9,874	4,006	700	284	7,606	3,095	1,454	569	114	58
2016	중구	광희동	9,380	38,813	17,610	9,925	4,116	23,022	9,832	4,546	2,980	1,320	682
2016	중구	을지로동	9,442	29,762	10,833	10,007	2,889	16,514	6,394	2,008	822	1,233	728
2016	중구	신당5동	1,283	3,942	2,075	1,696	781	1,411	749	748	485	87	60
2016	중구	황학동	1,963	6,435	2,844	2,382	1,024	3,584	1,523	366	248	103	49
2016	중구	중림동	1,005	7,677	3,576	919	369	5,271	2,411	718	466	769	330
2016	중구	신당동	12,117	27,836	16,073	14,781	8,289	10,658	6,279	2,035	1,389	362	116
2016	중구	다산동	1,387	9,577	5,077	1,232	471	6,275	3,367	1,893	1,122	177	117
2016	중구	약수동	854	3,563	1,943	840	391	2,190	1,212	389	233	144	107
2016	중구	청구동	765	3,856	1,491	724	281	2,482	859	534	257	116	94
2016	중구	동화동	970	4,035	2,024	1,090	448	1,932	957	507	282	506	337
2016	용산구	소계	20,994	129,033	56,774	17,899	7,538	92,005	38,928	15,636	8,054	3,493	2,254
2016	용산구	후암동	840	5,493	3,225	877	388	4,245	2,673	362	161	9	3
2016	용산구	용산2가동	574	2,075	1,034	595	229	1,113	603	363	201	4	1
2016	용산구	남영동	1,673	18,172	8,600	1,340	617	13,540	5,990	1,840	1,057	1,452	936
2016	용산구	원효로2동	1,190	7,045	2,527	868	292	5,369	1,864	777	345	31	26
2016	용산구	효창동	469	2,300	988	391	153	1,394	664	476	143	39	28
2016	용산구	용문동	682	1,568	741	732	352	672	298	159	89	5	2
2016	용산구	이촌1동	823	3,825	2,184	746	412	2,420	1,344	632	414	27	14
2016	용산구	이촌2동	340	821	276	338	103	346	113	118	45	19	15
2016	용산구	이태원1동	1,714	8,286	3,882	1,597	795	4,669	1,996	1,815	952	205	139
2016	용산구	이태원2동	733	3,216	1,341	679	272	2,085	867	406	168	46	34
2016	용산구	서빙고동	415	5,077	1,782	312	119	3,685	1,321	872	272	208	70
2016	용산구	보광동	836	2,786	988	900	401	1,612	449	234	123	40	15
2016	용산구	청파동	1,915	9,433	5,094	2,099	943	5,225	2,696	1,751	1,181	358	274
2016	용산구	원효로1동	1,843	10,407	4,126	1,458	568	7,896	3,094	718	298	335	166
2016	용산구	한강로동	4,892	31,880	12,864	3,416	1,180	25,226	9,685	2,793	1,669	445	330
2016	용산구	한남동	2,055	16,649	7,122	1,551	714	12,508	5,271	2,320	936	270	201
2016	성동구	소계	26,581	165,047	68,123	23,449	8,920	119,154	47,658	17,286	8,837	5,158	2,708
2016	성동구	왕십리2동	780	2,440	1,386	855	358	865	517	439	282	281	229
2016	성동구	마장동	3,238	11,683	4,006	3,008	985	7,352	2,425	1,209	545	114	51
2016	성동구	사근동	1,088	11,474	5,792	1,040	449	7,354	3,562	3,005	1,729	75	52
2016	성동구	행당1동	1,451	8,783	4,403	1,272	568	5,750	2,758	1,569	967	192	110
2016	성동구	행당2동	582	1,927	1,140	578	272	1,072	689	233	158	44	21
2016	성동구	응봉동	375	1,037	537	377	148	498	286	110	61	52	42
2016	성동구	금호1가동	535	1,685	919	564	230	891	553	161	92	69	44
2016	성동구	금호4가동	617	1,786	956	667	320	867	500	194	96	58	40
2016	성동구	성수1가1동	1,546	7,815	3,101	1,335	431	5,341	2,169	787	402	352	99
2016	성동구	성수1가2동	2,198	17,103	6,376	1,631	587	13,552	4,862	1,454	795	466	132
2016	성동구	성수2가1동	2,626	18,337	6,722	2,247	808	14,623	5,291	1,090	514	377	109
2016	성동구	성수2가3동	5,056	45,871	16,505	3,463	1,043	37,645	13,601	3,394	1,473	1,369	388
2016	성동구	송정동	695	2,453	1,065	719	230	1,486	738	202	86	46	11
2016	성동구	용답동	2,055	15,156	5,695	1,866	693	12,201	4,361	742	382	347	259
2016	성동구	왕십리도선동	1,906	11,693	6,295	1,914	847	6,703	3,636	1,820	732	1,256	1,080
2016	성동구	금호2.3가동	1,008	2,758	1,535	1,127	556	1,100	663	518	309	13	7
2016	성동구	옥수동	825	3,046	1,690	786	395	1,854	1,047	359	214	47	34
2016	광진구	소계	24,895	126,937	55,537	24,811	10,437	69,697	30,897	25,736	10,586	6,693	3,617
2016	광진구	화양동	2,474	15,035	7,227	2,613	1,080	8,148	3,916	3,910	2,036	364	195
2016	광진구	군자동	1,609	10,040	4,666	1,623	682	6,189	2,483	1,960	1,370	268	131
2016	광진구	중곡1동	1,639	6,476	2,549	1,706	704	3,824	1,346	705	344	241	155
2016	광진구	중곡2동	1,660	6,711	3,308	1,633	706	3,551	1,783	1,072	519	455	300
2016	광진구	중곡3동	1,347	5,601	2,483	1,497	632	2,393	1,207	1,449	559	262	85
2016	광진구	중곡4동	1,545	4,810	2,149	1,793	732	2,174	966	659	364	184	87
2016	광진구	능동	758	5,945	2,879	631	265	3,552	1,621	594	357	1,168	636
2016	광진구	구의1동	1,900	6,556	2,888	1,865	807	3,337	1,496	1,041	465	313	120
2016	광진구	구의2동	1,251	5,199	2,345	1,254	511	2,876	1,269	786	366	283	199
2016	광진구	구의3동	2,636	19,517	6,124	2,361	973	8,862	3,559	7,958	1,404	336	188
2016	광진구	광장동	1,402	12,078	5,580	1,127	504	7,612	3,615	1,330	550	2,009	911
2016	광진구	자양1동	1,736	8,527	3,604	1,788	772	5,357	2,108	1,127	534	255	190
2016	광진구	자양2동	1,524	7,659	3,283	1,507	578	4,828	2,000	1,184	587	140	118
2016	광진구	자양3동	1,356	6,395	3,484	1,188	515	3,741	2,084	1,305	803	161	82
2016	광진구	자양4동	2,058	6,388	2,968	2,225	976	3,253	1,444	656	328	254	220
2016	동대문구	소계	32,762	144,172	66,719	34,068	13,499	83,062	37,307	21,287	11,505	5,755	4,408
2016	동대문구	회기동	988	9,709	5,197	1,088	496	5,992	3,158	2,490	1,458	139	85
2016	동대문구	휘경1동	1,027	4,606	2,333	1,109	462	2,748	1,381	558	318	191	172
2016	동대문구	휘경2동	1,197	4,977	2,462	1,164	299	3,532	2,007	278	153	3	3
2016	동대문구	청량리동	1,683	8,132	3,524	1,774	757	5,486	2,243	660	354	212	170
2016	동대문구	용신동	5,820	32,819	14,630	5,740	2,154	20,788	8,695	4,251	2,172	2,040	1,609
2016	동대문구	제기동	4,739	11,977	5,391	5,503	2,400	5,278	2,276	890	485	306	230
2016	동대문구	전농1동	2,178	8,303	4,033	2,177	948	4,218	1,971	1,807	1,052	101	62
2016	동대문구	전농2동	875	4,824	2,393	885	384	2,801	1,370	1,106	618	32	21
2016	동대문구	답십리1동	2,242	10,402	4,713	2,221	771	5,925	2,640	1,510	695	746	607
2016	동대문구	답십리2동	2,055	6,059	2,391	2,118	722	3,228	1,281	583	307	130	81
2016	동대문구	장안1동	4,539	21,790	9,612	4,380	1,587	13,216	5,619	2,877	1,419	1,317	987
2016	동대문구	장안2동	3,204	11,468	5,971	3,439	1,455	5,726	2,985	1,886	1,206	417	325
2016	동대문구	이문1동	1,486	6,849	3,147	1,682	738	2,912	1,221	2,159	1,152	96	36
2016	동대문구	이문2동	729	2,257	922	788	326	1,212	460	232	116	25	20
2016	중랑구	소계	27,915	101,190	48,428	30,792	12,117	48,780	23,370	17,397	10,366	4,221	2,575
2016	중랑구	면목2동	2,053	6,620	3,058	2,424	962	2,678	1,167	1,385	894	133	35
2016	중랑구	면목4동	1,102	3,702	1,730	1,228	513	1,679	682	697	444	98	91
2016	중랑구	면목5동	873	2,976	1,217	999	373	1,462	498	473	318	42	28
2016	중랑구	면목7동	1,512	4,175	2,200	1,782	762	1,503	780	798	589	92	69
2016	중랑구	상봉1동	1,124	6,360	2,830	1,089	421	3,643	1,466	839	524	789	419
2016	중랑구	상봉2동	2,131	9,451	4,431	2,341	1,044	5,111	2,137	1,506	862	493	388
2016	중랑구	중화1동	1,061	3,715	2,129	1,125	454	1,757	1,117	504	310	329	248
2016	중랑구	중화2동	2,126	7,516	3,363	2,389	1,018	3,376	1,541	1,327	723	424	81
2016	중랑구	묵1동	1,471	5,369	2,794	1,446	579	2,808	1,546	883	506	232	163
2016	중랑구	묵2동	1,815	4,712	2,188	1,931	657	2,054	1,030	461	284	266	217
2016	중랑구	망우3동	1,107	3,728	1,897	1,279	503	1,623	825	735	516	91	53
2016	중랑구	신내1동	1,945	9,956	4,367	1,970	692	6,772	3,111	1,045	455	169	109
2016	중랑구	신내2동	1,136	6,165	3,002	1,136	474	3,547	1,782	1,295	608	187	138
2016	중랑구	면목본동	2,498	7,459	4,052	3,096	1,368	1,984	1,255	2,143	1,277	236	152
2016	중랑구	면목3.8동	2,090	7,040	3,532	2,407	1,029	2,913	1,474	1,627	954	93	75
2016	중랑구	망우본동	3,871	12,246	5,638	4,150	1,268	5,870	2,959	1,679	1,102	547	309
2016	성북구	소계	24,560	111,442	55,355	26,333	11,209	61,936	30,511	19,453	11,122	3,720	2,513
2016	성북구	돈암1동	394	1,788	932	374	147	1,055	638	286	107	73	40
2016	성북구	돈암2동	398	2,168	1,371	383	187	1,606	1,056	121	90	58	38
2016	성북구	안암동	1,462	12,928	6,014	1,364	523	9,207	4,219	2,217	1,190	140	82
2016	성북구	보문동	1,303	5,195	2,513	1,436	536	2,836	1,454	703	386	220	137
2016	성북구	정릉1동	732	2,053	1,032	764	316	942	562	292	136	55	18
2016	성북구	정릉2동	900	2,871	1,360	960	364	1,431	759	350	169	130	68
2016	성북구	정릉3동	667	4,319	1,893	703	288	2,654	1,107	923	472	39	26
2016	성북구	정릉4동	929	4,283	1,649	976	369	2,529	797	588	333	190	150
2016	성북구	길음1동	968	3,525	2,273	1,053	581	1,837	1,197	376	271	259	224
2016	성북구	길음2동	1,296	4,987	2,879	1,230	559	2,606	1,515	785	573	366	232
2016	성북구	월곡1동	1,376	5,062	2,557	1,437	575	2,769	1,409	672	426	184	147
2016	성북구	월곡2동	1,594	7,909	4,096	1,780	779	4,024	1,945	1,998	1,288	107	84
2016	성북구	장위1동	1,028	2,643	1,436	1,232	487	756	424	511	391	144	134
2016	성북구	장위2동	1,606	5,015	2,455	1,935	829	2,118	977	850	573	112	76
2016	성북구	장위3동	804	3,480	1,417	911	335	1,994	735	502	315	73	32
2016	성북구	성북동	1,107	5,286	2,759	968	443	3,596	1,842	530	340	192	134
2016	성북구	삼선동	1,849	10,526	5,320	1,930	872	6,796	3,341	1,350	789	450	318
2016	성북구	동선동	1,936	10,556	5,446	2,010	911	4,918	2,653	3,261	1,638	367	244
2016	성북구	종암동	2,048	7,309	3,640	2,369	1,066	3,809	1,959	1,043	557	88	58
2016	성북구	석관동	2,163	9,539	4,313	2,518	1,042	4,453	1,922	2,095	1,078	473	271
2016	강북구	소계	18,742	69,768	36,462	20,199	8,490	33,578	17,054	10,724	6,738	5,267	4,180
2016	강북구	번1동	1,793	8,987	5,064	1,782	772	3,829	1,857	1,441	811	1,935	1,624
2016	강북구	번2동	656	3,314	1,252	637	194	2,270	753	319	230	88	75
2016	강북구	번3동	860	2,922	1,310	846	261	1,473	722	482	326	121	1
2016	강북구	수유1동	1,449	4,878	2,575	1,644	772	2,645	1,398	395	253	194	152
2016	강북구	수유2동	1,363	4,339	2,301	1,542	654	1,854	1,117	760	393	183	137
2016	강북구	수유3동	2,399	8,658	4,793	2,676	1,227	3,664	1,901	1,370	876	948	789
2016	강북구	삼양동	1,176	3,641	2,080	1,245	510	1,654	1,015	690	528	52	27
2016	강북구	미아동	1,639	6,194	3,460	1,789	759	2,706	1,494	1,179	733	520	474
2016	강북구	송중동	1,955	7,783	4,303	2,017	823	3,863	2,198	1,331	849	572	433
2016	강북구	송천동	2,128	7,241	3,823	2,326	1,009	3,204	1,669	1,262	816	449	329
2016	강북구	삼각산동	781	2,354	1,395	845	368	1,011	679	479	334	19	14
2016	강북구	우이동	993	3,970	1,479	1,173	506	2,376	761	375	204	46	8
2016	강북구	인수동	1,550	5,487	2,627	1,677	635	3,029	1,490	641	385	140	117
2016	도봉구	소계	18,686	70,166	33,581	19,779	7,719	38,872	18,860	8,766	5,216	2,749	1,786
2016	도봉구	쌍문1동	928	3,908	2,100	939	354	2,283	1,288	516	318	170	140
2016	도봉구	쌍문2동	1,308	5,503	2,660	1,354	589	2,960	1,284	926	569	263	218
2016	도봉구	쌍문3동	975	4,078	1,970	1,088	440	2,258	1,199	580	261	152	70
2016	도봉구	쌍문4동	616	1,922	1,027	646	279	1,128	678	139	65	9	5
2016	도봉구	방학1동	2,330	10,831	5,033	2,527	1,143	6,941	3,013	1,123	714	240	163
2016	도봉구	방학2동	1,244	3,029	1,579	1,442	570	1,065	670	482	324	40	15
2016	도봉구	방학3동	871	3,127	1,526	879	307	1,696	964	286	194	266	61
2016	도봉구	창1동	1,404	3,739	1,958	1,414	458	1,881	1,220	328	168	116	112
2016	도봉구	창2동	1,398	4,457	2,163	1,583	637	2,233	1,156	473	274	168	96
2016	도봉구	창3동	969	2,242	1,201	1,109	452	727	465	297	180	109	104
2016	도봉구	창4동	1,284	7,286	3,503	1,164	457	4,202	1,930	1,144	558	776	558
2016	도봉구	창5동	2,219	7,259	3,424	2,252	654	3,746	1,952	998	640	263	178
2016	도봉구	도봉1동	1,701	6,063	2,598	1,886	803	3,029	1,067	1,061	708	87	20
2016	도봉구	도봉2동	1,439	6,722	2,839	1,496	576	4,723	1,974	413	243	90	46
2016	노원구	소계	26,271	114,999	59,673	26,557	10,635	66,145	35,009	16,322	9,667	5,975	4,362
2016	노원구	월계1동	1,444	6,011	2,438	1,535	621	2,977	1,059	1,454	717	45	41
2016	노원구	월계2동	922	3,313	1,460	920	267	2,169	1,072	184	119	40	2
2016	노원구	월계3동	965	3,371	1,568	970	349	2,103	1,014	271	181	27	24
2016	노원구	공릉2동	1,944	11,763	5,795	1,933	737	7,738	3,810	2,054	1,224	38	24
2016	노원구	하계1동	1,023	7,727	3,984	947	425	5,819	2,926	719	470	242	163
2016	노원구	하계2동	387	1,248	695	423	150	630	434	174	96	21	15
2016	노원구	중계본동	1,184	5,296	2,671	1,208	530	2,875	1,455	717	412	496	274
2016	노원구	중계1동	951	4,219	2,299	962	427	1,931	1,150	739	411	587	311
2016	노원구	중계4동	1,044	3,766	2,108	1,143	509	2,277	1,354	286	194	60	51
2016	노원구	상계1동	3,133	10,559	4,367	3,181	902	4,794	2,232	2,086	867	498	366
2016	노원구	상계2동	2,459	9,991	5,932	2,556	1,208	5,050	3,161	2,022	1,274	363	289
2016	노원구	상계5동	1,568	4,708	2,636	1,619	729	2,325	1,462	597	378	167	67
2016	노원구	상계8동	577	1,935	1,190	624	258	1,043	742	256	186	12	4
2016	노원구	상계9동	721	2,519	1,437	750	311	1,325	803	359	247	85	76
2016	노원구	상계10동	469	2,191	910	465	164	1,451	566	195	136	80	44
2016	노원구	상계3.4동	1,434	4,495	2,013	1,474	584	2,616	1,178	363	238	42	13
2016	노원구	상계6.7동	1,910	14,943	9,344	1,790	779	9,168	5,511	1,241	834	2,744	2,220
2016	노원구	중계2.3동	1,360	5,472	3,300	1,336	642	3,130	1,941	952	677	54	40
2016	노원구	공릉1동	2,776	11,472	5,526	2,721	1,043	6,724	3,139	1,653	1,006	374	338
2016	은평구	소계	24,615	90,203	47,271	25,353	10,714	46,573	25,278	13,022	7,393	5,255	3,886
2016	은평구	녹번동	1,900	9,821	5,017	1,756	656	6,498	3,474	1,091	540	476	347
2016	은평구	불광1동	1,640	6,326	3,812	1,684	781	2,950	1,707	827	560	865	764
2016	은평구	갈현1동	1,419	4,944	2,796	1,578	683	1,895	1,113	747	405	724	595
2016	은평구	갈현2동	1,594	6,148	3,553	1,727	780	2,598	1,560	1,475	937	348	276
2016	은평구	구산동	1,209	5,252	2,888	1,192	444	3,264	1,871	654	461	142	112
2016	은평구	대조동	2,553	8,019	4,527	2,756	1,357	3,642	2,074	1,185	775	436	321
2016	은평구	응암1동	1,680	7,696	4,062	1,669	746	4,073	2,347	1,623	680	331	289
2016	은평구	응암2동	610	1,823	1,065	662	307	942	641	212	114	7	3
2016	은평구	신사1동	1,290	3,909	1,904	1,335	552	1,766	899	680	351	128	102
2016	은평구	신사2동	1,639	3,686	1,347	1,612	300	1,568	719	406	231	100	97
2016	은평구	증산동	1,130	4,192	1,796	1,130	470	2,136	965	418	231	508	130
2016	은평구	수색동	727	2,695	934	745	317	1,759	529	164	78	27	10
2016	은평구	진관동	1,539	8,504	4,442	1,389	633	5,501	2,781	1,395	883	219	145
2016	은평구	불광2동	1,347	4,290	2,433	1,448	672	2,039	1,181	399	236	404	344
2016	은평구	응암3동	1,815	4,965	2,780	2,038	926	2,181	1,369	600	368	146	117
2016	은평구	역촌동	2,523	7,933	3,915	2,632	1,090	3,761	2,048	1,146	543	394	234
2016	서대문구	소계	19,540	113,979	57,022	19,502	8,279	70,909	36,469	18,606	9,933	4,962	2,341
2016	서대문구	천연동	922	2,835	1,485	970	459	1,472	777	367	234	26	15
2016	서대문구	홍제1동	1,119	4,489	2,319	1,119	507	1,999	1,166	941	381	430	265
2016	서대문구	홍제3동	1,255	3,790	2,006	1,361	636	1,794	986	558	336	77	48
2016	서대문구	홍제2동	590	1,677	895	602	297	709	372	361	224	5	2
2016	서대문구	홍은1동	981	2,470	1,272	1,041	449	1,078	619	241	144	110	60
2016	서대문구	홍은2동	1,168	5,372	2,438	1,235	464	3,457	1,593	496	303	184	78
2016	서대문구	남가좌1동	733	2,047	1,288	829	433	822	525	239	181	157	149
2016	서대문구	남가좌2동	1,308	4,207	2,012	1,392	592	2,034	1,043	693	340	88	37
2016	서대문구	북가좌1동	642	3,126	1,218	628	223	1,799	750	401	225	298	20
2016	서대문구	북가좌2동	2,330	7,183	3,334	2,541	772	2,612	1,132	1,865	1,344	165	86
2016	서대문구	충현동	1,812	25,628	10,109	1,297	569	19,194	7,656	2,670	907	2,467	977
2016	서대문구	북아현동	790	2,099	1,065	900	384	912	507	228	142	59	32
2016	서대문구	신촌동	3,642	37,929	22,571	3,375	1,557	26,051	16,103	7,819	4,482	684	429
2016	서대문구	연희동	2,248	11,127	5,010	2,212	937	6,976	3,240	1,727	690	212	143
2016	마포구	소계	36,191	250,605	112,915	29,705	12,513	175,428	77,693	31,376	15,785	14,096	6,924
2016	마포구	용강동	2,608	19,216	7,889	1,637	720	14,315	6,016	2,729	916	535	237
2016	마포구	대흥동	1,583	9,646	5,130	1,395	595	5,665	2,846	1,567	938	1,019	751
2016	마포구	염리동	720	3,618	1,763	668	319	2,608	1,259	291	162	51	23
2016	마포구	신수동	1,174	5,334	2,426	1,044	369	3,719	1,784	439	235	132	38
2016	마포구	서교동	9,536	62,203	31,051	7,402	3,067	40,836	19,614	10,654	5,922	3,311	2,448
2016	마포구	합정동	2,049	14,716	5,964	1,591	635	8,567	3,931	1,668	489	2,890	909
2016	마포구	망원1동	1,771	4,705	1,844	1,855	632	2,360	985	320	169	170	58
2016	마포구	망원2동	1,362	5,226	2,166	1,453	633	2,286	1,075	840	357	647	101
2016	마포구	연남동	1,506	5,926	2,744	1,339	580	3,454	1,685	1,042	407	91	72
2016	마포구	성산1동	1,539	11,078	3,629	1,103	405	8,493	2,709	1,099	416	383	99
2016	마포구	성산2동	1,782	11,771	5,716	1,623	681	8,761	4,398	1,215	584	172	53
2016	마포구	상암동	2,341	38,152	14,657	1,645	758	33,135	11,995	2,288	1,471	1,084	433
2016	마포구	도화동	2,012	15,583	7,880	1,509	683	11,593	5,831	2,040	1,082	441	284
2016	마포구	서강동	1,699	11,958	6,098	1,480	609	7,406	3,816	1,120	676	1,952	997
2016	마포구	공덕동	2,764	18,875	8,757	2,530	1,128	12,350	5,948	2,983	1,408	1,012	273
2016	마포구	아현동	1,745	12,598	5,201	1,431	699	9,880	3,801	1,081	553	206	148
2016	양천구	소계	26,108	117,259	54,186	25,798	10,772	66,669	31,125	17,588	8,234	7,204	4,055
2016	양천구	목1동	2,943	20,725	10,149	2,213	1,094	13,696	6,190	3,402	1,862	1,414	1,003
2016	양천구	목2동	1,139	4,094	1,928	1,184	525	2,104	998	600	271	206	134
2016	양천구	목3동	1,242	4,644	1,967	1,330	620	2,040	1,003	1,204	308	70	36
2016	양천구	목4동	1,326	3,853	2,127	1,470	729	1,554	873	554	297	275	228
2016	양천구	신월1동	1,775	5,063	2,255	2,022	846	2,105	873	728	360	208	176
2016	양천구	신월2동	1,239	3,984	1,673	1,207	413	2,141	1,032	483	175	153	53
2016	양천구	신월3동	958	4,277	1,715	973	348	2,435	994	542	311	327	62
2016	양천구	신월4동	1,164	3,745	1,369	1,240	478	1,723	601	664	193	118	97
2016	양천구	신월5동	1,010	4,422	1,791	1,056	415	2,505	1,018	635	239	226	119
2016	양천구	신월6동	1,460	3,231	1,025	1,466	228	1,216	577	312	129	237	91
2016	양천구	신월7동	1,391	5,695	1,954	1,425	543	3,632	1,079	495	266	143	66
2016	양천구	신정1동	1,099	4,929	2,618	1,127	561	2,882	1,450	529	269	391	338
2016	양천구	신정2동	1,104	3,612	1,966	1,175	541	1,705	1,028	459	267	273	130
2016	양천구	신정3동	1,882	9,536	3,837	1,843	717	5,649	2,406	1,324	514	720	200
2016	양천구	신정6동	738	5,769	2,935	675	333	4,318	2,144	531	324	245	134
2016	양천구	신정7동	991	4,481	1,998	996	391	2,945	1,226	370	237	170	144
2016	양천구	목5동	1,525	10,258	5,818	1,378	710	7,072	4,186	1,521	776	287	146
2016	양천구	신정4동	3,122	14,941	7,061	3,018	1,280	6,947	3,447	3,235	1,436	1,741	898
2016	강서구	소계	34,662	207,406	93,651	31,795	13,099	138,780	60,977	25,519	12,836	11,312	6,739
2016	강서구	염창동	2,149	15,633	6,041	1,678	746	11,594	4,218	1,722	708	639	369
2016	강서구	등촌1동	1,939	15,729	6,558	1,452	597	11,698	4,609	1,690	689	889	663
2016	강서구	등촌2동	735	3,454	1,638	712	284	2,043	889	479	283	220	182
2016	강서구	등촌3동	2,627	22,329	11,293	1,998	878	15,638	7,647	3,059	2,033	1,634	735
2016	강서구	화곡본동	1,355	4,047	2,274	1,473	646	2,012	1,302	395	228	167	98
2016	강서구	화곡2동	852	2,790	1,464	861	357	1,360	725	482	323	87	59
2016	강서구	화곡3동	1,227	5,360	2,854	1,266	572	2,338	1,342	1,039	385	717	555
2016	강서구	화곡4동	1,444	3,860	1,994	1,594	708	1,640	877	526	339	100	70
2016	강서구	화곡6동	1,850	11,322	5,326	1,788	770	5,950	2,349	2,203	1,000	1,381	1,207
2016	강서구	화곡8동	1,230	3,229	1,665	1,320	582	1,344	705	361	194	204	184
2016	강서구	가양1동	1,809	14,040	5,036	1,345	531	10,153	3,381	1,356	822	1,186	302
2016	강서구	가양2동	640	3,495	1,799	522	211	2,227	1,254	628	270	118	64
2016	강서구	가양3동	933	7,631	3,062	574	177	6,059	2,412	831	384	167	89
2016	강서구	발산1동	2,322	11,966	5,386	2,155	911	7,697	3,328	1,145	611	969	536
2016	강서구	공항동	1,973	35,503	16,085	1,726	731	31,733	14,448	1,660	728	384	178
2016	강서구	방화1동	2,879	10,377	5,049	2,912	1,110	5,617	2,943	1,255	689	593	307
2016	강서구	방화2동	2,932	13,631	5,034	2,621	804	8,594	3,086	2,177	1,045	239	99
2016	강서구	방화3동	932	4,739	2,015	840	295	2,873	1,095	764	504	262	121
2016	강서구	화곡1동	3,126	10,841	5,151	3,295	1,407	4,187	2,321	2,670	991	689	432
2016	강서구	우장산동	1,708	7,430	3,927	1,663	782	4,023	2,046	1,077	610	667	489
2016	구로구	소계	38,033	211,391	88,084	32,041	11,623	149,565	61,306	21,972	9,934	7,813	5,221
2016	구로구	신도림동	2,835	14,839	7,155	2,436	870	9,353	4,543	1,956	1,001	1,094	741
2016	구로구	구로1동	626	3,021	1,098	610	288	1,690	712	717	96	4	2
2016	구로구	구로3동	6,881	82,785	29,914	3,218	1,192	71,083	25,083	6,009	2,502	2,475	1,137
2016	구로구	구로4동	2,023	5,011	2,775	2,199	1,132	2,163	1,201	568	388	81	54
2016	구로구	구로5동	4,857	26,516	11,598	4,005	1,208	15,661	6,907	4,691	1,687	2,159	1,796
2016	구로구	고척1동	2,629	9,475	4,067	2,556	800	5,453	2,532	1,178	515	288	220
2016	구로구	고척2동	1,427	3,976	2,055	1,520	642	1,879	1,089	506	277	71	47
2016	구로구	개봉2동	1,133	2,989	1,693	1,213	510	1,416	924	240	158	120	101
2016	구로구	개봉3동	1,012	5,099	2,391	1,050	456	3,641	1,659	349	220	59	56
2016	구로구	오류1동	1,121	5,158	2,697	1,160	489	2,879	1,625	865	390	254	193
2016	구로구	오류2동	1,573	7,882	3,290	1,500	565	5,517	2,226	752	414	113	85
2016	구로구	수궁동	1,272	5,881	2,111	1,142	389	4,269	1,525	457	190	13	7
2016	구로구	가리봉동	976	2,820	1,573	1,041	502	1,419	855	232	100	128	116
2016	구로구	구로2동	7,912	30,343	12,792	6,605	1,863	20,406	9,012	2,680	1,523	652	394
2016	구로구	개봉1동	1,756	5,596	2,875	1,786	717	2,736	1,413	772	473	302	272
2016	금천구	소계	30,987	225,578	83,939	23,437	8,757	170,883	60,908	25,442	11,111	5,816	3,163
2016	금천구	가산동	13,752	153,745	53,813	6,529	2,290	127,548	43,154	16,276	6,754	3,392	1,615
2016	금천구	독산1동	3,922	24,440	9,052	3,327	1,177	17,480	6,061	2,622	1,211	1,011	603
2016	금천구	독산2동	1,178	3,542	1,630	1,268	532	1,378	705	809	339	87	54
2016	금천구	독산3동	2,190	8,267	3,618	2,469	1,078	4,606	1,779	1,012	642	180	119
2016	금천구	독산4동	1,011	3,674	1,735	1,112	500	1,886	836	582	334	94	65
2016	금천구	시흥1동	2,986	13,912	6,883	3,093	1,408	8,143	4,115	2,241	1,051	435	309
2016	금천구	시흥2동	576	2,005	1,233	581	197	1,136	819	106	65	182	152
2016	금천구	시흥3동	3,340	10,610	3,041	2,901	669	6,258	1,993	1,238	329	213	50
2016	금천구	시흥4동	859	1,938	1,112	906	353	726	517	136	93	170	149
2016	금천구	시흥5동	1,173	3,445	1,822	1,251	553	1,722	929	420	293	52	47
2016	영등포구	소계	43,678	366,625	150,707	36,300	13,901	282,851	113,452	31,779	15,004	15,695	8,350
2016	영등포구	여의동	7,966	152,605	57,575	4,046	1,860	135,297	49,136	8,247	4,253	5,015	2,326
2016	영등포구	당산1동	3,183	18,621	7,997	2,677	1,014	12,308	5,279	2,119	750	1,517	954
2016	영등포구	당산2동	2,306	21,446	9,552	1,759	763	15,043	6,465	2,433	864	2,211	1,460
2016	영등포구	양평1동	3,246	23,475	9,752	2,655	557	16,985	7,515	3,246	1,396	589	284
2016	영등포구	양평2동	2,154	19,830	7,540	1,570	613	15,832	5,610	1,522	874	906	443
2016	영등포구	신길1동	1,176	6,721	2,949	1,274	594	4,443	1,687	781	464	223	204
2016	영등포구	신길3동	985	2,745	1,394	1,097	492	1,352	748	225	122	71	32
2016	영등포구	신길4동	491	1,691	951	534	209	775	423	257	195	125	124
2016	영등포구	신길5동	655	3,031	1,171	677	251	1,553	677	665	174	136	69
2016	영등포구	신길6동	1,277	4,697	2,514	1,292	539	2,646	1,408	518	358	241	209
2016	영등포구	신길7동	533	2,676	1,343	482	210	1,829	914	298	189	67	30
2016	영등포구	대림1동	1,128	4,251	2,459	1,201	574	2,651	1,653	334	197	65	35
2016	영등포구	대림2동	1,390	4,513	2,348	1,515	742	2,514	1,286	350	227	134	93
2016	영등포구	대림3동	2,807	11,203	4,555	2,743	888	7,199	3,109	979	372	282	186
2016	영등포구	영등포본동	1,470	5,715	2,995	1,420	644	2,857	1,479	1,346	823	92	49
2016	영등포구	영등포동	6,524	39,392	18,595	6,042	2,407	26,189	12,644	4,414	2,311	2,747	1,233
2016	영등포구	도림동	984	3,334	1,305	943	381	2,008	821	305	46	78	57
2016	영등포구	문래동	5,403	40,679	15,712	4,373	1,163	31,370	12,598	3,740	1,389	1,196	562
2016	동작구	소계	19,747	108,058	54,506	20,596	9,236	63,615	31,816	18,660	10,290	5,187	3,164
2016	동작구	노량진2동	1,554	6,340	2,852	1,832	806	3,654	1,484	663	434	191	128
2016	동작구	상도1동	1,704	8,381	3,934	1,750	787	4,228	1,897	2,072	1,109	331	141
2016	동작구	상도2동	1,287	4,543	2,408	1,340	627	2,344	1,258	714	410	145	113
2016	동작구	상도3동	946	2,683	1,434	1,045	457	1,151	679	327	160	160	138
2016	동작구	상도4동	983	2,910	1,614	1,085	440	1,466	954	257	138	102	82
2016	동작구	사당1동	1,845	9,566	4,890	1,752	756	4,469	2,009	1,586	937	1,759	1,188
2016	동작구	사당3동	1,005	4,316	2,123	971	395	2,661	1,340	605	327	79	61
2016	동작구	사당4동	684	1,738	954	761	333	743	473	205	119	29	29
2016	동작구	사당5동	506	1,709	815	494	191	910	486	205	108	100	30
2016	동작구	대방동	1,660	12,152	5,329	1,581	674	8,033	3,772	2,050	651	488	232
2016	동작구	신대방1동	1,060	4,364	2,262	1,093	539	2,371	1,196	498	233	402	294
2016	동작구	신대방2동	1,219	24,086	12,789	1,076	496	18,667	9,445	3,795	2,422	548	426
2016	동작구	흑석동	1,495	10,142	5,433	1,577	766	5,461	2,894	3,064	1,751	40	22
2016	동작구	노량진1동	2,148	9,310	4,608	2,515	1,163	4,432	2,348	1,717	890	646	207
2016	동작구	사당2동	1,651	5,818	3,061	1,724	806	3,025	1,581	902	601	167	73
2016	관악구	소계	26,377	113,781	53,995	27,423	11,581	58,890	28,837	21,200	9,647	6,268	3,930
2016	관악구	보라매동	1,397	6,434	3,199	1,331	624	3,830	1,975	712	409	561	191
2016	관악구	청림동	443	1,185	671	484	249	553	338	133	80	15	4
2016	관악구	행운동	1,464	6,151	3,271	1,496	671	2,628	1,412	961	546	1,066	642
2016	관악구	낙성대동	1,265	7,741	3,562	1,185	505	4,962	2,207	1,129	590	465	260
2016	관악구	중앙동	1,086	5,076	2,575	1,072	423	2,346	1,334	1,091	405	567	413
2016	관악구	인헌동	1,047	4,006	2,142	1,135	498	2,279	1,302	522	302	70	40
2016	관악구	남현동	874	5,163	2,276	835	374	2,960	1,190	900	478	468	234
2016	관악구	서원동	1,296	7,974	4,014	1,308	579	4,113	2,217	2,051	832	502	386
2016	관악구	신원동	851	2,453	1,383	1,017	466	917	530	390	275	129	112
2016	관악구	서림동	1,316	3,296	1,261	1,379	402	1,389	602	432	201	96	56
2016	관악구	신사동	1,422	4,712	2,184	1,585	706	1,786	885	1,043	388	298	205
2016	관악구	신림동	1,623	5,671	2,842	1,798	842	2,299	1,072	1,312	729	262	199
2016	관악구	난향동	420	1,926	1,008	444	173	1,241	719	241	116	-	-
2016	관악구	조원동	2,184	7,073	2,980	2,319	900	3,583	1,450	965	511	206	119
2016	관악구	대학동	1,701	12,609	5,611	1,752	774	8,214	3,540	2,367	1,168	276	129
2016	관악구	은천동	1,596	7,330	3,479	1,606	668	3,522	1,749	1,631	582	571	480
2016	관악구	성현동	880	2,964	1,523	877	340	1,674	923	290	169	123	91
2016	관악구	청룡동	1,866	11,207	4,636	1,856	818	5,711	2,590	3,382	1,044	258	184
2016	관악구	난곡동	959	2,411	1,230	1,074	402	1,081	682	251	142	5	4
2016	관악구	삼성동	1,062	2,372	1,211	1,162	469	1,035	604	134	101	41	37
2016	관악구	미성동	1,625	6,027	2,937	1,708	698	2,767	1,516	1,263	579	289	144
2016	서초구	소계	46,404	427,227	169,985	32,863	14,114	315,272	129,096	65,908	20,252	13,184	6,523
2016	서초구	서초1동	3,626	29,810	11,754	2,283	824	23,697	9,682	3,528	1,085	302	163
2016	서초구	서초2동	4,406	48,060	18,861	2,393	1,040	36,303	14,559	6,413	1,724	2,951	1,538
2016	서초구	서초3동	7,466	74,335	28,598	4,610	1,564	57,741	22,938	9,737	3,026	2,247	1,070
2016	서초구	서초4동	2,916	27,163	13,618	2,245	918	21,283	10,755	2,869	1,531	766	414
2016	서초구	잠원동	2,273	16,956	6,749	1,693	748	13,433	5,099	1,460	620	370	282
2016	서초구	반포본동	677	2,727	1,498	626	370	1,501	695	328	240	272	193
2016	서초구	반포1동	1,517	8,836	4,156	1,211	570	6,034	2,957	1,327	509	264	120
2016	서초구	반포2동	452	2,841	1,481	391	215	1,992	1,073	446	181	12	12
2016	서초구	반포3동	922	7,073	3,705	776	401	4,655	2,549	1,422	620	220	135
2016	서초구	반포4동	3,594	32,423	15,991	3,064	1,686	22,922	11,195	5,694	2,696	743	414
2016	서초구	방배본동	1,670	10,580	4,697	1,416	664	7,987	3,448	918	461	259	124
2016	서초구	방배1동	1,767	14,930	6,352	1,358	626	9,406	4,913	3,894	724	272	89
2016	서초구	방배2동	1,957	17,422	7,749	1,563	670	11,580	4,961	3,234	1,406	1,045	712
2016	서초구	방배3동	1,222	13,934	4,542	863	384	8,759	3,215	3,994	799	318	144
2016	서초구	방배4동	2,384	14,073	6,199	1,866	779	10,048	4,539	1,425	554	734	327
2016	서초구	양재1동	3,631	46,647	15,690	2,398	999	34,037	12,836	9,466	1,587	746	268
2016	서초구	양재2동	5,257	50,006	15,658	3,479	1,393	38,372	11,975	6,569	1,818	1,586	472
2016	서초구	내곡동	667	9,411	2,687	628	263	5,522	1,707	3,184	671	77	46
2016	강남구	소계	72,281	689,623	297,638	46,911	19,866	529,416	228,664	85,469	34,613	27,827	14,495
2016	강남구	신사동	4,503	27,741	14,505	3,364	1,487	20,080	10,701	3,386	1,840	911	477
2016	강남구	논현1동	5,788	44,157	20,793	3,844	1,537	34,858	16,505	4,123	1,931	1,332	820
2016	강남구	논현2동	5,656	60,642	25,142	3,344	1,366	47,582	20,149	7,705	2,515	2,011	1,112
2016	강남구	삼성1동	4,330	66,958	27,094	2,065	919	59,311	23,731	4,683	1,955	899	489
2016	강남구	삼성2동	3,734	38,887	15,257	2,219	973	28,454	11,624	6,491	1,586	1,723	1,074
2016	강남구	대치1동	1,066	7,154	3,816	912	456	4,324	2,252	1,133	722	785	386
2016	강남구	대치4동	3,716	27,829	12,229	2,756	1,166	19,544	7,750	2,853	1,722	2,676	1,591
2016	강남구	역삼1동	15,079	147,157	61,519	8,214	3,298	112,813	46,561	18,369	7,706	7,761	3,954
2016	강남구	역삼2동	3,416	38,937	17,135	1,942	845	31,736	14,145	3,530	1,277	1,729	868
2016	강남구	도곡1동	1,614	17,135	6,857	1,146	478	12,279	5,145	3,028	800	682	434
2016	강남구	도곡2동	1,926	22,629	9,337	1,169	587	16,953	7,050	3,848	1,528	659	172
2016	강남구	개포1동	503	1,616	576	506	208	932	285	132	52	46	31
2016	강남구	개포4동	2,221	12,024	4,066	1,522	525	8,113	2,858	2,188	628	201	55
2016	강남구	일원본동	564	8,402	5,863	536	250	7,533	5,417	295	174	38	22
2016	강남구	일원1동	1,870	7,340	2,951	1,859	413	3,109	1,414	2,122	972	250	152
2016	강남구	일원2동	636	10,125	2,763	517	230	8,925	2,046	659	471	24	16
2016	강남구	수서동	1,584	15,857	6,051	875	329	10,465	3,925	4,240	1,714	277	83
2016	강남구	세곡동	950	5,285	2,269	850	327	3,376	1,507	547	366	512	69
2016	강남구	압구정동	4,314	29,474	16,463	3,084	1,424	21,333	12,053	3,331	2,057	1,726	929
2016	강남구	청담동	4,497	39,652	19,511	3,052	1,518	29,271	15,230	5,870	2,046	1,459	717
2016	강남구	대치2동	3,468	57,241	21,415	2,315	1,150	46,417	17,069	6,418	2,175	2,091	1,021
2016	강남구	개포2동	846	3,381	2,026	820	380	2,008	1,247	518	376	35	23
2016	송파구	소계	45,555	312,661	127,082	38,668	16,332	208,191	85,027	55,829	19,676	9,973	6,047
2016	송파구	풍납1동	770	2,443	1,335	830	377	1,282	717	195	109	136	132
2016	송파구	풍납2동	1,182	15,395	9,100	1,131	488	13,044	8,056	922	490	298	66
2016	송파구	거여1동	881	3,041	1,444	926	362	1,420	652	409	186	286	244
2016	송파구	거여2동	951	4,152	1,883	931	354	2,241	907	434	187	546	435
2016	송파구	마천1동	948	2,165	999	980	370	911	460	206	118	68	51
2016	송파구	마천2동	1,373	4,414	2,028	1,384	564	2,547	1,129	437	307	46	28
2016	송파구	방이1동	1,326	12,889	4,110	1,163	531	6,453	2,571	4,839	701	434	307
2016	송파구	방이2동	2,969	22,135	9,423	2,403	1,022	15,793	6,750	2,426	906	1,513	745
2016	송파구	오륜동	516	4,514	2,107	378	235	3,420	1,444	647	386	69	42
2016	송파구	오금동	2,427	16,661	6,518	2,204	861	11,917	4,835	2,362	723	178	99
2016	송파구	송파1동	2,487	13,710	5,174	2,161	795	6,013	2,369	5,174	1,757	362	253
2016	송파구	송파2동	936	6,088	2,368	888	424	3,691	1,530	1,307	272	202	142
2016	송파구	석촌동	2,663	13,767	5,682	2,512	1,091	8,067	3,616	2,763	681	425	294
2016	송파구	삼전동	2,050	14,868	4,510	2,003	862	6,731	2,573	5,676	972	458	103
2016	송파구	가락본동	3,598	28,777	11,826	2,615	1,084	19,564	7,999	5,521	1,978	1,077	765
2016	송파구	가락1동	2,865	10,639	3,125	1,244	481	8,680	2,375	689	257	26	12
2016	송파구	가락2동	1,909	10,539	4,602	1,659	738	7,084	2,959	1,577	737	219	168
2016	송파구	문정1동	1,381	8,917	3,535	1,184	511	6,333	2,345	1,257	621	143	58
2016	송파구	문정2동	3,823	24,211	7,759	2,790	853	17,553	5,782	3,656	1,058	212	66
2016	송파구	장지동	1,426	10,324	3,724	1,298	516	7,973	2,734	822	365	231	109
2016	송파구	위례동	329	2,815	890	304	150	2,145	510	362	229	4	1
2016	송파구	잠실본동	3,149	22,442	9,463	3,003	1,359	13,782	6,136	4,749	1,400	908	568
2016	송파구	잠실4동	503	2,071	1,290	522	282	1,158	735	288	191	103	82
2016	송파구	잠실6동	2,493	39,676	15,099	1,812	714	31,463	10,919	4,813	2,365	1,588	1,101
2016	송파구	잠실7동	199	1,194	656	192	110	809	466	183	79	10	1
2016	송파구	잠실2동	821	4,616	2,461	766	414	2,825	1,521	781	471	244	55
2016	송파구	잠실3동	1,580	10,198	5,971	1,385	784	5,292	2,937	3,334	2,130	187	120
2016	강동구	소계	30,268	141,100	65,306	30,491	12,372	81,381	37,955	21,632	9,536	7,596	5,443
2016	강동구	강일동	946	15,030	3,611	874	308	11,781	2,759	2,108	351	267	193
2016	강동구	상일동	1,018	5,201	2,818	1,030	346	3,403	1,964	557	348	211	160
2016	강동구	명일1동	1,681	6,083	3,631	1,819	892	2,936	1,800	911	599	417	340
2016	강동구	명일2동	1,151	4,698	2,650	1,150	553	2,523	1,454	662	384	363	259
2016	강동구	고덕1동	610	1,993	1,012	614	251	1,150	649	194	84	35	28
2016	강동구	고덕2동	1,786	3,245	978	1,818	260	1,193	615	200	90	34	13
2016	강동구	암사2동	864	5,139	2,598	886	377	2,699	1,493	1,310	555	244	173
2016	강동구	암사3동	609	2,009	1,091	628	257	1,212	742	158	87	11	5
2016	강동구	천호1동	1,529	5,643	2,953	1,591	618	2,737	1,521	1,107	647	208	167
2016	강동구	천호3동	1,863	7,584	3,488	1,849	789	4,537	1,971	768	384	430	344
2016	강동구	성내1동	2,105	18,175	7,292	1,786	679	11,048	4,676	4,453	1,374	888	563
2016	강동구	성내2동	1,978	7,625	4,091	2,001	859	3,421	1,886	1,254	596	949	750
2016	강동구	성내3동	2,461	9,455	4,531	2,535	1,131	5,389	2,632	1,272	669	259	99
2016	강동구	둔촌1동	408	1,371	577	407	188	876	345	50	28	38	16
2016	강동구	둔촌2동	1,637	9,468	4,636	1,583	633	6,436	3,286	1,080	480	369	237
2016	강동구	암사1동	1,927	5,510	2,651	2,123	864	2,354	1,215	869	466	164	106
2016	강동구	천호2동	3,707	14,190	7,451	3,718	1,679	7,774	4,042	1,861	1,092	837	638
2016	강동구	길동	3,988	18,681	9,247	4,079	1,688	9,912	4,905	2,818	1,302	1,872	1,352