기간	컬럼1	컬럼2	합계	합계	합계	자영업주 및 무급가족	자영업주 및 무급가족	상용근로자	상용근로자	임시 및 일용근로자	임시 및 일용근로자	기타 종사자	기타 종사자
기간	컬럼1	컬럼2	사업체수	총종사자수	여성종사자	소계	여성종사자	소계	여성종사자	소계	여성종사자	소계	여성종사자
2015	합계	합계	820,658	5,108,828	2,221,109	759,049	313,489	3,469,071	1,468,408	660,249	310,040	220,459	129,172
2015	종로구	소계	40,871	269,106	116,340	39,512	16,288	197,053	81,748	24,784	13,661	7,757	4,643
2015	종로구	사직동	3,551	51,425	21,644	2,104	1,026	44,472	18,097	3,578	1,830	1,271	691
2015	종로구	삼청동	738	4,736	2,362	615	347	3,550	1,625	539	373	32	17
2015	종로구	부암동	540	3,635	1,921	506	244	2,257	1,183	841	484	31	10
2015	종로구	평창동	665	3,059	1,621	614	317	2,054	1,075	250	159	141	70
2015	종로구	무악동	581	1,510	706	572	137	716	451	118	61	104	57
2015	종로구	교남동	320	3,158	1,816	275	116	2,724	1,625	130	65	29	10
2015	종로구	가회동	755	12,215	3,411	648	363	10,911	2,582	597	441	59	25
2015	종로구	종로1.2.3.4가동	16,072	110,407	45,435	15,302	6,043	82,139	32,544	9,648	4,890	3,318	1,958
2015	종로구	종로5·6가동	7,726	25,723	9,520	8,301	3,269	15,096	5,102	1,772	886	554	263
2015	종로구	이화동	1,338	18,241	10,552	1,097	494	14,416	8,285	2,345	1,593	383	180
2015	종로구	창신1동	2,288	7,073	3,642	2,757	1,083	3,098	1,807	828	458	390	294
2015	종로구	창신2동	844	2,155	1,166	1,058	455	754	466	220	150	123	95
2015	종로구	창신3동	261	808	366	274	104	451	205	73	49	10	8
2015	종로구	숭인1동	522	1,595	839	572	237	750	425	159	125	114	52
2015	종로구	숭인2동	1,873	7,424	3,821	2,171	818	3,488	1,857	932	481	833	665
2015	종로구	청운효자동	1,007	6,275	2,712	916	466	4,522	1,736	727	431	110	79
2015	종로구	혜화동	1,790	9,667	4,806	1,730	769	5,655	2,683	2,027	1,185	255	169
2015	중구	소계	66,190	423,808	189,471	66,834	30,227	302,674	126,456	38,282	22,694	16,018	10,094
2015	중구	소공동	4,208	72,671	30,735	2,570	1,178	62,242	25,302	4,794	2,514	3,065	1,741
2015	중구	회현동	10,216	53,872	24,602	11,297	6,457	36,641	14,096	3,977	2,577	1,957	1,472
2015	중구	명동	6,881	122,217	54,380	4,473	1,884	103,717	43,996	10,047	6,147	3,980	2,353
2015	중구	필동	3,326	26,810	11,824	2,644	868	18,910	7,944	3,864	1,842	1,392	1,170
2015	중구	장충동	908	9,553	3,859	712	296	7,465	2,978	1,198	512	178	73
2015	중구	광희동	9,459	39,381	17,781	10,962	4,769	23,095	9,668	3,723	2,303	1,601	1,041
2015	중구	을지로동	10,028	30,478	10,726	10,716	3,127	16,206	5,874	1,830	741	1,726	984
2015	중구	신당5동	1,346	3,957	2,018	1,585	698	1,649	869	642	396	81	55
2015	중구	황학동	2,038	7,077	3,152	2,567	1,070	3,811	1,668	526	324	173	90
2015	중구	중림동	1,058	7,419	3,369	936	379	5,045	2,161	817	402	621	427
2015	중구	신당동	12,641	29,091	16,695	14,567	7,972	9,557	4,993	4,617	3,571	350	159
2015	중구	다산동	1,430	9,640	5,002	1,230	476	7,111	3,728	1,063	678	236	120
2015	중구	약수동	906	3,524	1,796	852	400	2,203	1,108	330	200	139	88
2015	중구	청구동	813	4,296	1,679	754	289	2,839	978	574	317	129	95
2015	중구	동화동	932	3,822	1,853	969	364	2,183	1,093	280	170	390	226
2015	용산구	소계	21,178	133,446	57,159	18,494	7,827	93,726	38,088	16,182	8,164	5,044	3,080
2015	용산구	후암동	858	5,134	2,794	909	405	3,431	1,987	723	373	71	29
2015	용산구	용산2가동	614	3,132	1,438	632	246	2,051	919	438	264	11	9
2015	용산구	남영동	1,706	16,467	6,843	1,416	672	11,600	4,222	1,921	902	1,530	1,047
2015	용산구	원효로2동	1,127	8,176	2,740	864	304	5,978	1,732	567	274	767	430
2015	용산구	효창동	479	2,582	1,067	384	151	1,654	799	469	83	75	34
2015	용산구	용문동	656	1,763	858	721	336	820	389	176	107	46	26
2015	용산구	이촌1동	836	4,069	2,231	776	423	2,622	1,397	475	326	196	85
2015	용산구	이촌2동	350	823	257	352	105	404	133	50	16	17	3
2015	용산구	이태원1동	1,716	8,014	3,745	1,707	850	4,665	2,041	1,545	790	97	64
2015	용산구	이태원2동	788	3,340	1,343	760	310	2,121	839	432	180	27	14
2015	용산구	서빙고동	413	4,337	1,552	335	135	3,231	1,183	603	163	168	71
2015	용산구	보광동	803	2,068	931	880	393	826	345	309	170	53	23
2015	용산구	청파동	1,890	9,173	4,718	2,105	950	5,064	2,453	1,824	1,236	180	79
2015	용산구	원효로1동	1,917	11,433	3,954	1,531	586	8,201	2,454	1,134	638	567	276
2015	용산구	한강로동	4,943	36,080	14,809	3,537	1,225	28,182	11,281	3,671	1,794	690	509
2015	용산구	한남동	2,082	16,855	7,879	1,585	736	12,876	5,914	1,845	848	549	381
2015	성동구	소계	26,130	162,019	64,776	23,301	8,798	115,093	44,548	17,503	8,285	6,122	3,145
2015	성동구	왕십리2동	760	2,371	1,323	827	346	1,038	611	320	205	186	161
2015	성동구	마장동	3,248	12,544	4,174	3,122	1,045	8,201	2,599	1,064	459	157	71
2015	성동구	사근동	1,092	11,115	5,261	1,013	433	6,960	3,388	3,018	1,388	124	52
2015	성동구	행당1동	1,399	8,665	4,238	1,302	588	5,437	2,578	1,699	978	227	94
2015	성동구	행당2동	565	1,917	1,173	575	280	1,051	715	258	154	33	24
2015	성동구	응봉동	378	1,008	472	393	155	488	269	124	47	3	1
2015	성동구	금호1가동	541	1,943	1,003	557	220	870	483	411	240	105	60
2015	성동구	금호4가동	618	1,887	1,027	705	326	875	516	220	114	87	71
2015	성동구	성수1가1동	1,486	6,747	2,423	1,365	427	4,382	1,663	590	248	410	85
2015	성동구	성수1가2동	2,128	16,991	6,516	1,594	562	13,666	5,169	1,436	673	295	112
2015	성동구	성수2가1동	2,568	18,130	6,534	2,181	772	13,502	4,584	1,262	621	1,185	557
2015	성동구	성수2가3동	4,918	44,795	15,593	3,400	1,026	37,373	12,973	2,945	1,256	1,077	338
2015	성동구	송정동	702	2,650	1,002	714	229	1,668	674	193	70	75	29
2015	성동구	용답동	2,108	15,296	5,654	1,869	671	11,407	3,995	1,537	661	483	327
2015	성동구	왕십리도선동	1,848	10,617	5,412	1,832	791	5,472	2,804	1,807	773	1,506	1,044
2015	성동구	금호2.3가동	975	2,528	1,412	1,114	554	1,072	618	253	178	89	62
2015	성동구	옥수동	796	2,815	1,559	738	373	1,631	909	366	220	80	57
2015	광진구	소계	24,531	123,689	54,410	24,815	10,414	70,717	30,171	22,919	10,419	5,238	3,406
2015	광진구	화양동	2,379	14,521	7,048	2,595	1,084	7,873	3,871	3,827	2,001	226	92
2015	광진구	군자동	1,595	9,606	4,491	1,614	684	5,283	2,104	2,346	1,433	363	270
2015	광진구	중곡1동	1,623	6,630	2,596	1,692	687	4,013	1,508	703	280	222	121
2015	광진구	중곡2동	1,666	7,315	3,563	1,695	737	3,519	1,837	1,509	617	592	372
2015	광진구	중곡3동	1,344	4,807	2,317	1,522	636	2,335	1,145	835	454	115	82
2015	광진구	중곡4동	1,515	4,786	2,125	1,719	691	2,330	1,049	648	341	89	44
2015	광진구	능동	740	5,680	3,025	643	273	3,275	1,441	735	452	1,027	859
2015	광진구	구의1동	1,894	7,100	2,935	1,857	775	3,766	1,568	1,046	404	431	188
2015	광진구	구의2동	1,240	5,035	2,241	1,236	492	2,974	1,333	662	303	163	113
2015	광진구	구의3동	2,618	17,302	6,020	2,387	990	9,728	3,666	4,826	1,158	361	206
2015	광진구	광장동	1,375	10,901	5,014	1,127	504	7,528	3,349	1,518	717	728	444
2015	광진구	자양1동	1,743	9,053	3,669	1,806	771	6,014	2,171	860	447	373	280
2015	광진구	자양2동	1,496	7,978	3,327	1,516	584	4,822	1,918	1,366	647	274	178
2015	광진구	자양3동	1,310	5,908	3,195	1,186	513	3,531	1,956	1,059	664	132	62
2015	광진구	자양4동	1,993	7,067	2,844	2,220	993	3,726	1,255	979	501	142	95
2015	동대문구	소계	32,994	143,858	66,287	34,743	13,848	83,035	37,495	19,309	10,407	6,771	4,537
2015	동대문구	회기동	964	10,333	5,823	1,087	511	6,915	3,818	2,238	1,456	93	38
2015	동대문구	휘경1동	1,035	4,584	2,329	1,156	503	2,473	1,259	676	336	279	231
2015	동대문구	휘경2동	1,156	5,308	2,739	1,190	343	3,599	2,071	479	314	40	11
2015	동대문구	청량리동	1,727	8,561	3,933	1,915	840	5,488	2,305	568	326	590	462
2015	동대문구	용신동	5,795	32,090	13,794	5,714	2,127	20,663	8,257	3,442	1,735	2,271	1,675
2015	동대문구	제기동	4,820	12,227	5,420	5,760	2,528	5,237	2,194	989	562	241	136
2015	동대문구	전농1동	2,412	8,614	4,349	2,465	1,071	4,465	2,294	1,292	747	392	237
2015	동대문구	전농2동	916	4,819	2,301	908	377	2,587	1,278	1,238	601	86	45
2015	동대문구	답십리1동	2,242	10,292	4,277	2,214	765	6,187	2,695	1,439	583	452	234
2015	동대문구	답십리2동	2,030	6,140	2,468	2,079	695	3,144	1,249	700	417	217	107
2015	동대문구	장안1동	4,530	21,265	9,383	4,461	1,632	12,800	5,546	2,402	1,145	1,602	1,060
2015	동대문구	장안2동	3,146	10,951	5,565	3,335	1,399	5,575	2,872	1,673	1,042	368	252
2015	동대문구	이문1동	1,519	6,688	3,075	1,715	753	2,853	1,247	1,991	1,032	129	43
2015	동대문구	이문2동	702	1,986	831	744	304	1,049	410	182	111	11	6
2015	중랑구	소계	27,287	99,241	47,273	29,872	11,624	48,272	23,002	15,951	9,504	5,146	3,143
2015	중랑구	면목2동	1,991	5,844	2,620	2,312	900	2,343	1,018	1,063	635	126	67
2015	중랑구	면목4동	1,089	3,530	1,579	1,202	493	1,585	622	563	338	180	126
2015	중랑구	면목5동	932	3,204	1,304	1,040	364	1,465	524	590	369	109	47
2015	중랑구	면목7동	1,473	4,048	2,025	1,720	722	1,469	746	774	504	85	53
2015	중랑구	상봉1동	1,116	6,990	3,189	1,064	400	3,934	1,653	852	473	1,140	663
2015	중랑구	상봉2동	2,081	10,834	5,292	2,267	986	6,197	2,739	1,712	1,076	658	491
2015	중랑구	중화1동	1,047	3,483	1,919	1,065	414	1,855	1,118	330	236	233	151
2015	중랑구	중화2동	2,136	6,769	2,928	2,407	1,000	2,750	1,195	1,171	620	441	113
2015	중랑구	묵1동	1,515	5,495	2,814	1,563	646	2,807	1,494	854	508	271	166
2015	중랑구	묵2동	1,775	4,548	2,156	1,853	621	1,912	991	531	338	252	206
2015	중랑구	망우3동	1,089	3,471	1,708	1,245	505	1,468	725	659	421	99	57
2015	중랑구	신내1동	1,777	9,197	4,035	1,807	645	6,325	2,804	780	357	285	229
2015	중랑구	신내2동	1,143	6,095	3,156	1,113	441	3,605	1,863	1,146	697	231	155
2015	중랑구	면목본동	2,405	6,965	3,731	2,887	1,243	2,087	1,199	1,651	1,029	340	260
2015	중랑구	면목3.8동	2,828	8,069	3,552	3,122	983	2,837	1,423	1,875	1,046	235	100
2015	중랑구	망우본동	2,890	10,699	5,265	3,205	1,261	5,633	2,888	1,400	857	461	259
2015	성북구	소계	24,690	113,893	56,482	26,478	11,180	63,952	31,440	19,914	11,699	3,549	2,163
2015	성북구	돈암1동	387	1,764	896	370	147	933	562	328	104	133	83
2015	성북구	돈암2동	369	1,917	1,286	353	176	1,412	982	111	87	41	41
2015	성북구	안암동	1,454	14,300	6,735	1,359	532	9,621	4,645	3,092	1,437	228	121
2015	성북구	보문동	1,442	5,350	2,379	1,586	523	2,986	1,371	544	314	234	171
2015	성북구	정릉1동	755	2,012	994	777	312	933	551	273	119	29	12
2015	성북구	정릉2동	898	2,991	1,368	977	363	1,491	810	466	182	57	13
2015	성북구	정릉3동	687	4,366	1,919	715	304	2,608	1,037	966	523	77	55
2015	성북구	정릉4동	876	3,996	1,592	911	368	2,627	955	402	231	56	38
2015	성북구	길음1동	1,098	3,790	2,374	1,205	592	1,928	1,285	515	377	142	120
2015	성북구	길음2동	1,198	5,112	2,922	1,158	586	2,787	1,630	815	515	352	191
2015	성북구	월곡1동	1,353	5,645	2,887	1,403	581	3,355	1,727	749	532	138	47
2015	성북구	월곡2동	1,606	8,399	4,358	1,746	734	4,669	2,324	1,917	1,262	67	38
2015	성북구	장위1동	1,054	2,734	1,480	1,250	505	946	603	481	321	57	51
2015	성북구	장위2동	1,638	4,952	2,436	1,972	822	1,930	877	984	719	66	18
2015	성북구	장위3동	902	3,880	1,642	993	365	2,123	803	630	435	134	39
2015	성북구	성북동	1,077	5,462	2,796	1,003	476	3,655	1,820	532	323	272	177
2015	성북구	삼선동	1,889	10,767	5,285	1,986	905	6,743	3,150	1,575	905	463	325
2015	성북구	동선동	1,899	10,276	5,458	1,989	896	5,060	2,577	2,829	1,735	398	250
2015	성북구	종암동	2,006	7,243	3,620	2,300	989	3,844	1,972	931	535	168	124
2015	성북구	석관동	2,102	8,937	4,055	2,425	1,004	4,301	1,759	1,774	1,043	437	249
2015	강북구	소계	18,654	69,787	36,203	20,422	8,508	34,695	17,762	8,837	5,412	5,833	4,521
2015	강북구	번1동	1,733	9,093	5,040	1,731	746	3,805	1,852	1,126	569	2,431	1,873
2015	강북구	번2동	650	3,203	1,184	611	172	2,152	711	216	126	224	175
2015	강북구	번3동	866	2,833	1,189	848	241	1,566	657	355	233	64	58
2015	강북구	수유1동	1,462	5,039	2,720	1,650	743	2,782	1,549	449	317	158	111
2015	강북구	수유2동	1,357	4,510	2,399	1,539	651	2,025	1,147	637	410	309	191
2015	강북구	수유3동	2,305	8,887	4,779	2,684	1,208	4,151	2,101	1,051	636	1,001	834
2015	강북구	삼양동	1,159	3,208	1,732	1,238	503	1,534	911	349	246	87	72
2015	강북구	미아동	1,655	6,249	3,543	1,829	784	3,070	1,735	784	505	566	519
2015	강북구	송중동	2,004	7,991	4,385	2,165	878	4,121	2,475	1,301	781	404	251
2015	강북구	송천동	2,188	7,090	3,720	2,474	1,083	3,127	1,627	1,118	703	371	307
2015	강북구	삼각산동	761	2,194	1,308	823	350	1,154	807	173	115	44	36
2015	강북구	우이동	996	4,027	1,523	1,195	536	2,341	725	423	231	68	31
2015	강북구	인수동	1,518	5,463	2,681	1,635	613	2,867	1,465	855	540	106	63
2015	도봉구	소계	18,455	68,669	32,603	19,450	7,446	37,798	18,151	8,890	5,340	2,531	1,666
2015	도봉구	쌍문1동	910	3,888	2,100	932	336	2,204	1,259	729	492	23	13
2015	도봉구	쌍문2동	1,278	5,301	2,762	1,281	534	2,766	1,471	835	517	419	240
2015	도봉구	쌍문3동	960	3,779	1,826	1,084	447	2,151	1,103	454	235	90	41
2015	도봉구	쌍문4동	611	1,892	1,001	639	261	935	516	299	214	19	10
2015	도봉구	방학1동	2,346	10,651	4,863	2,547	1,132	6,810	2,921	971	617	323	193
2015	도봉구	방학2동	1,222	2,929	1,440	1,396	547	991	624	497	256	45	13
2015	도봉구	방학3동	863	2,984	1,496	900	308	1,780	974	229	163	75	51
2015	도봉구	창1동	1,361	3,672	1,897	1,375	443	1,703	1,020	401	259	193	175
2015	도봉구	창2동	1,368	4,278	1,987	1,521	584	2,332	1,166	364	218	61	19
2015	도봉구	창3동	961	2,027	1,071	1,105	453	713	478	176	115	33	25
2015	도봉구	창4동	1,293	7,590	3,767	1,204	471	4,304	1,967	1,329	690	753	639
2015	도봉구	창5동	2,150	7,136	3,261	2,160	601	3,942	1,946	830	560	204	154
2015	도봉구	도봉1동	1,673	5,804	2,403	1,815	748	3,205	1,175	646	425	138	55
2015	도봉구	도봉2동	1,459	6,738	2,729	1,491	581	3,962	1,531	1,130	579	155	38
2015	노원구	소계	25,827	114,736	59,646	26,777	10,839	65,473	33,820	16,056	10,255	6,430	4,732
2015	노원구	월계1동	1,421	5,453	2,191	1,593	657	3,017	1,086	814	427	29	21
2015	노원구	월계2동	971	3,439	1,498	1,018	322	2,095	955	287	188	39	33
2015	노원구	월계3동	945	3,588	1,849	946	335	2,240	1,181	311	253	91	80
2015	노원구	공릉2동	1,884	11,972	5,653	1,865	718	7,970	3,701	2,046	1,192	91	42
2015	노원구	하계1동	985	7,550	3,814	966	438	5,591	2,735	893	579	100	62
2015	노원구	하계2동	370	1,240	710	392	140	720	481	91	68	37	21
2015	노원구	중계본동	1,161	5,330	2,654	1,211	530	2,274	1,059	1,179	669	666	396
2015	노원구	중계1동	940	4,171	2,355	962	435	2,020	1,182	788	490	401	248
2015	노원구	중계4동	1,037	3,850	2,126	1,141	516	2,063	1,151	546	400	100	59
2015	노원구	상계1동	3,018	9,674	4,186	3,100	860	5,001	2,284	992	551	581	491
2015	노원구	상계2동	2,456	9,735	5,721	2,739	1,304	4,628	2,860	1,862	1,176	506	381
2015	노원구	상계5동	1,353	3,723	2,098	1,451	647	1,629	1,007	479	349	164	95
2015	노원구	상계8동	558	1,949	1,219	616	275	1,039	731	283	208	11	5
2015	노원구	상계9동	696	2,459	1,377	734	307	1,284	773	439	296	2	1
2015	노원구	상계10동	458	2,116	930	469	184	1,344	510	224	166	79	70
2015	노원구	상계3.4동	1,635	5,226	2,399	1,712	698	2,832	1,258	577	396	105	47
2015	노원구	상계6.7동	1,889	16,046	9,892	1,806	780	9,495	5,588	1,714	1,116	3,031	2,408
2015	노원구	중계2.3동	1,345	5,351	3,134	1,373	670	2,974	1,773	939	650	65	41
2015	노원구	공릉1동	2,705	11,864	5,840	2,683	1,023	7,257	3,505	1,592	1,081	332	231
2015	은평구	소계	24,179	87,693	44,814	25,681	10,807	44,135	23,072	12,814	6,953	5,063	3,982
2015	은평구	녹번동	1,850	9,221	4,388	1,764	661	5,467	2,624	1,391	644	599	459
2015	은평구	불광1동	1,684	6,968	4,319	1,757	810	2,936	1,674	929	623	1,346	1,212
2015	은평구	갈현1동	1,402	5,011	2,715	1,593	675	2,234	1,214	513	264	671	562
2015	은평구	갈현2동	1,541	5,733	3,336	1,697	765	2,845	1,705	833	583	358	283
2015	은평구	구산동	1,205	5,220	2,823	1,193	444	3,292	1,877	696	490	39	12
2015	은평구	대조동	2,522	8,130	4,546	2,835	1,396	3,609	2,060	1,430	906	256	184
2015	은평구	응암1동	1,692	7,550	3,759	1,722	767	3,672	2,008	1,828	735	328	249
2015	은평구	응암2동	684	2,065	1,095	760	325	997	628	283	132	25	10
2015	은평구	신사1동	1,249	3,870	1,861	1,333	552	1,728	907	650	270	159	132
2015	은평구	신사2동	1,599	3,330	1,111	1,598	308	1,522	694	190	94	20	15
2015	은평구	증산동	1,146	4,256	1,722	1,185	470	2,406	879	498	285	167	88
2015	은평구	수색동	735	2,770	989	784	331	1,799	557	166	92	21	9
2015	은평구	진관동	1,256	6,463	3,212	1,258	575	4,327	2,054	663	444	215	139
2015	은평구	불광2동	1,322	4,235	2,385	1,459	690	1,979	1,142	468	294	329	259
2015	은평구	응암3동	1,771	4,834	2,598	2,083	929	1,774	1,073	783	470	194	126
2015	은평구	역촌동	2,521	8,037	3,955	2,660	1,109	3,548	1,976	1,493	627	336	243
2015	서대문구	소계	19,612	111,615	55,417	19,922	8,552	70,465	35,250	16,006	8,598	5,222	3,017
2015	서대문구	천연동	902	2,826	1,499	958	458	1,522	820	304	193	42	28
2015	서대문구	홍제1동	1,088	4,442	2,275	1,094	486	1,945	1,086	964	341	439	362
2015	서대문구	홍제3동	1,249	4,073	2,251	1,402	652	1,929	1,099	631	421	111	79
2015	서대문구	홍제2동	568	1,712	866	565	279	847	387	256	170	44	30
2015	서대문구	홍은1동	954	2,325	1,165	1,023	439	1,072	595	190	113	40	18
2015	서대문구	홍은2동	1,132	5,819	2,633	1,234	491	3,530	1,564	933	511	122	67
2015	서대문구	남가좌1동	676	1,535	917	780	417	568	366	171	125	16	9
2015	서대문구	남가좌2동	1,445	4,170	2,083	1,661	723	2,006	1,046	389	236	114	78
2015	서대문구	북가좌1동	631	2,911	1,126	611	206	1,656	702	418	183	226	35
2015	서대문구	북가좌2동	2,349	6,899	3,078	2,541	787	2,522	1,133	1,580	1,018	256	140
2015	서대문구	충현동	1,822	24,280	9,647	1,337	587	18,554	6,967	1,834	746	2,555	1,347
2015	서대문구	북아현동	750	2,023	996	858	354	767	387	286	170	112	85
2015	서대문구	신촌동	3,747	37,178	21,946	3,606	1,723	26,498	15,847	6,229	3,772	845	604
2015	서대문구	연희동	2,299	11,422	4,935	2,252	950	7,049	3,251	1,821	599	300	135
2015	마포구	소계	36,504	252,534	110,581	30,456	12,855	175,713	74,633	33,117	16,690	13,248	6,403
2015	마포구	용강동	2,653	19,599	7,396	1,718	756	14,495	5,453	2,457	710	929	477
2015	마포구	대흥동	1,635	11,034	5,741	1,517	658	6,343	3,116	1,789	920	1,385	1,047
2015	마포구	염리동	710	6,603	2,837	691	324	5,396	2,237	414	224	102	52
2015	마포구	신수동	1,171	5,355	2,411	1,059	394	3,656	1,704	424	248	216	65
2015	마포구	서교동	9,736	60,674	29,805	7,679	3,188	37,703	18,004	12,204	6,669	3,088	1,944
2015	마포구	합정동	2,120	14,565	5,450	1,649	657	8,506	3,502	1,594	484	2,816	807
2015	마포구	망원1동	1,728	4,751	1,962	1,837	651	2,008	968	739	255	167	88
2015	마포구	망원2동	1,368	5,079	2,036	1,445	626	2,250	1,002	804	368	580	40
2015	마포구	연남동	1,406	5,874	2,730	1,265	529	3,437	1,678	1,030	444	142	79
2015	마포구	성산1동	1,522	11,416	3,844	1,133	404	8,944	2,810	1,111	556	228	74
2015	마포구	성산2동	1,814	11,362	5,858	1,731	737	8,083	4,323	1,119	602	429	196
2015	마포구	상암동	2,242	35,783	12,635	1,504	706	31,691	10,406	1,938	1,181	650	342
2015	마포구	도화동	2,044	16,220	7,794	1,555	697	12,306	5,770	1,722	932	637	395
2015	마포구	서강동	1,735	11,355	5,774	1,519	628	7,784	3,882	1,819	1,099	233	165
2015	마포구	공덕동	2,726	19,681	8,930	2,573	1,146	13,402	6,090	2,368	1,200	1,338	494
2015	마포구	아현동	1,894	13,183	5,378	1,581	754	9,709	3,688	1,585	798	308	138
2015	양천구	소계	26,297	119,443	55,589	26,294	10,943	66,021	30,679	19,468	9,219	7,660	4,748
2015	양천구	목1동	2,961	22,234	10,641	2,291	1,138	14,735	6,471	3,582	1,972	1,626	1,060
2015	양천구	목2동	1,158	4,010	1,851	1,225	536	2,071	975	524	225	190	115
2015	양천구	목3동	1,213	4,791	2,187	1,286	609	2,102	1,176	1,262	304	141	98
2015	양천구	목4동	1,328	4,472	2,278	1,506	739	1,670	920	1,123	454	173	165
2015	양천구	신월1동	1,747	4,893	2,194	1,996	830	2,079	907	633	313	185	144
2015	양천구	신월2동	1,238	3,876	1,720	1,229	424	2,018	975	445	247	184	74
2015	양천구	신월3동	974	4,147	1,653	999	368	2,390	1,002	503	214	255	69
2015	양천구	신월4동	1,134	4,114	1,548	1,202	469	1,836	635	917	322	159	122
2015	양천구	신월5동	998	4,251	1,860	1,048	409	2,479	1,009	611	348	113	94
2015	양천구	신월6동	1,575	3,523	1,177	1,633	312	1,413	634	322	154	155	77
2015	양천구	신월7동	1,375	5,709	1,989	1,456	556	3,529	1,062	545	291	179	80
2015	양천구	신정1동	1,116	5,010	2,763	1,128	558	2,747	1,343	664	433	471	429
2015	양천구	신정2동	1,088	3,580	1,926	1,148	521	1,710	971	588	365	134	69
2015	양천구	신정3동	2,013	9,146	3,976	1,992	788	4,965	2,242	1,744	606	445	340
2015	양천구	신정6동	738	6,238	2,879	679	315	3,895	1,868	1,086	369	578	327
2015	양천구	신정7동	984	4,436	1,999	994	382	2,683	1,098	443	270	316	249
2015	양천구	목5동	1,576	10,422	6,121	1,452	724	6,959	4,196	1,589	961	422	240
2015	양천구	신정4동	3,081	14,591	6,827	3,030	1,265	6,740	3,195	2,887	1,371	1,934	996
2015	강서구	소계	33,273	199,289	89,841	31,001	12,713	136,099	59,731	21,697	11,146	10,492	6,251
2015	강서구	염창동	2,190	16,307	6,284	1,726	757	11,959	4,418	1,741	650	881	459
2015	강서구	등촌1동	1,880	15,416	6,077	1,464	619	11,842	4,469	1,690	797	420	192
2015	강서구	등촌2동	727	3,485	1,616	698	288	2,315	1,030	350	197	122	101
2015	강서구	등촌3동	2,425	20,629	10,622	1,907	818	14,797	7,531	2,665	1,705	1,260	568
2015	강서구	화곡본동	1,335	4,070	2,337	1,510	678	1,968	1,337	445	220	147	102
2015	강서구	화곡2동	821	2,432	1,198	856	357	1,227	644	265	135	84	62
2015	강서구	화곡3동	1,174	4,914	2,557	1,219	523	1,765	976	1,053	320	877	738
2015	강서구	화곡4동	1,401	3,745	1,925	1,577	712	1,689	918	384	231	95	64
2015	강서구	화곡6동	1,818	11,841	5,868	1,695	728	6,688	2,723	1,848	983	1,610	1,434
2015	강서구	화곡8동	1,167	3,380	1,823	1,302	569	1,467	809	426	280	185	165
2015	강서구	가양1동	1,458	11,655	3,841	1,094	423	8,637	2,821	808	363	1,116	234
2015	강서구	가양2동	652	3,460	1,764	548	217	2,429	1,222	373	256	110	69
2015	강서구	가양3동	888	6,895	2,722	549	171	5,674	2,167	634	358	38	26
2015	강서구	발산1동	2,288	11,795	5,281	2,165	924	7,932	3,358	1,060	586	638	413
2015	강서구	공항동	1,885	35,952	16,393	1,671	673	32,257	14,748	1,720	885	304	87
2015	강서구	방화1동	3,549	10,126	4,479	3,573	1,043	5,020	2,560	985	558	548	318
2015	강서구	방화2동	2,003	11,834	4,756	1,742	768	8,106	2,925	1,673	924	313	139
2015	강서구	방화3동	913	4,577	1,919	800	287	2,986	1,146	524	365	267	121
2015	강서구	화곡1동	3,076	10,087	4,796	3,291	1,421	3,894	2,117	2,115	815	787	443
2015	강서구	우장산동	1,623	6,689	3,583	1,614	737	3,447	1,812	938	518	690	516
2015	구로구	소계	37,445	210,506	87,426	32,148	11,717	146,283	58,461	23,276	11,901	8,799	5,347
2015	구로구	신도림동	2,699	14,948	6,959	2,367	827	9,708	4,581	1,548	842	1,325	709
2015	구로구	구로1동	722	3,135	1,531	699	286	1,649	680	749	536	38	29
2015	구로구	구로3동	6,797	82,378	30,763	3,167	1,161	69,720	23,962	7,116	4,334	2,375	1,306
2015	구로구	구로4동	1,996	5,334	2,801	2,154	1,106	2,623	1,354	452	291	105	50
2015	구로구	구로5동	4,812	25,833	11,823	4,126	1,306	15,406	6,954	3,918	1,860	2,383	1,703
2015	구로구	고척1동	2,553	9,154	3,732	2,524	803	5,198	2,207	1,189	533	243	189
2015	구로구	고척2동	1,423	3,923	1,975	1,540	647	1,936	1,094	346	180	101	54
2015	구로구	개봉2동	1,131	3,016	1,638	1,248	535	1,205	744	468	275	95	84
2015	구로구	개봉3동	992	4,194	1,877	1,030	454	2,649	1,212	469	172	46	39
2015	구로구	오류1동	1,091	4,783	2,279	1,154	494	2,207	1,088	1,317	617	105	80
2015	구로구	오류2동	1,518	7,377	3,029	1,497	559	4,629	1,871	816	472	435	127
2015	구로구	수궁동	1,199	5,691	2,025	1,099	377	3,956	1,368	553	219	83	61
2015	구로구	가리봉동	946	3,743	1,412	1,086	528	1,183	619	1,289	93	185	172
2015	구로구	구로2동	7,860	31,582	13,034	6,712	1,925	21,248	9,338	2,568	1,201	1,054	570
2015	구로구	개봉1동	1,706	5,415	2,548	1,745	709	2,966	1,389	478	276	226	174
2015	금천구	소계	30,080	223,058	80,972	23,545	8,750	169,442	59,020	23,001	10,168	7,070	3,034
2015	금천구	가산동	13,045	151,398	51,722	6,396	2,270	126,030	41,722	14,052	5,969	4,920	1,761
2015	금천구	독산1동	3,866	24,185	8,813	3,527	1,280	17,069	5,749	2,834	1,356	755	428
2015	금천구	독산2동	1,162	3,287	1,499	1,289	533	1,360	686	488	188	150	92
2015	금천구	독산3동	2,189	8,294	3,543	2,494	1,044	4,805	1,913	869	503	126	83
2015	금천구	독산4동	989	3,598	1,755	1,080	486	1,867	904	473	281	178	84
2015	금천구	시흥1동	2,905	14,578	7,023	3,079	1,380	8,745	4,072	2,350	1,258	404	313
2015	금천구	시흥2동	563	1,844	1,080	564	187	1,138	785	93	73	49	35
2015	금천구	시흥3동	3,360	10,475	2,775	2,962	664	5,932	1,860	1,327	211	254	40
2015	금천구	시흥4동	847	1,921	1,051	897	350	768	506	155	104	101	91
2015	금천구	시흥5동	1,154	3,478	1,711	1,257	556	1,728	823	360	225	133	107
2015	영등포구	소계	44,512	362,524	147,492	37,523	14,245	277,986	109,626	30,884	14,767	16,131	8,854
2015	영등포구	여의동	8,164	153,182	57,933	4,268	1,960	135,758	49,298	9,178	4,601	3,978	2,074
2015	영등포구	당산1동	3,288	18,382	7,635	2,782	1,000	12,425	5,265	1,705	488	1,470	882
2015	영등포구	당산2동	2,426	21,386	10,246	1,867	821	14,505	6,697	3,024	1,449	1,990	1,279
2015	영등포구	양평1동	3,339	20,951	7,871	2,710	551	14,694	5,714	2,618	1,080	929	526
2015	영등포구	양평2동	2,195	21,050	7,594	1,590	590	17,039	6,071	1,616	545	805	388
2015	영등포구	신길1동	1,181	5,312	2,277	1,260	572	3,667	1,461	334	220	51	24
2015	영등포구	신길3동	1,013	3,049	1,382	1,107	488	1,737	783	181	97	24	14
2015	영등포구	신길4동	549	1,889	1,099	590	237	715	408	267	226	317	228
2015	영등포구	신길5동	702	2,968	1,097	769	295	1,385	605	658	101	156	96
2015	영등포구	신길6동	1,321	4,681	2,457	1,350	562	2,695	1,497	415	257	221	141
2015	영등포구	신길7동	546	2,965	1,414	501	208	2,041	918	241	128	182	160
2015	영등포구	대림1동	1,191	4,432	2,562	1,277	591	2,669	1,620	440	333	46	18
2015	영등포구	대림2동	1,342	4,663	2,321	1,517	746	2,366	1,263	688	261	92	51
2015	영등포구	대림3동	2,850	10,764	4,469	2,824	909	6,610	2,859	1,120	555	210	146
2015	영등포구	영등포본동	1,476	5,366	2,659	1,450	657	2,862	1,395	949	563	105	44
2015	영등포구	영등포동	6,519	39,367	18,233	6,229	2,475	25,053	11,521	4,257	2,432	3,828	1,805
2015	영등포구	도림동	1,009	3,342	1,269	991	394	1,788	662	534	203	29	10
2015	영등포구	문래동	5,401	38,775	14,974	4,441	1,189	29,977	11,589	2,659	1,228	1,698	968
2015	동작구	소계	19,609	103,915	50,491	21,209	9,586	61,854	30,006	15,888	7,878	4,964	3,021
2015	동작구	노량진2동	1,465	7,140	3,341	2,029	907	3,998	1,707	844	531	269	196
2015	동작구	상도1동	1,684	8,250	3,827	1,719	771	4,305	2,072	2,061	862	165	122
2015	동작구	상도2동	1,265	4,607	2,468	1,314	611	2,397	1,232	658	434	238	191
2015	동작구	상도3동	929	2,591	1,359	1,024	463	1,055	595	404	229	108	72
2015	동작구	상도4동	980	2,784	1,534	1,090	450	1,287	815	350	223	57	46
2015	동작구	사당1동	1,850	10,239	5,058	1,821	776	5,321	2,517	1,201	618	1,896	1,147
2015	동작구	사당3동	980	3,921	1,832	919	381	2,238	1,060	709	348	55	43
2015	동작구	사당4동	671	1,844	985	759	340	855	521	216	114	14	10
2015	동작구	사당5동	490	1,548	763	498	183	837	472	193	99	20	9
2015	동작구	대방동	1,628	11,904	5,106	1,541	683	7,855	3,502	1,856	554	652	367
2015	동작구	신대방1동	1,049	4,190	2,026	1,096	519	2,279	1,071	350	164	465	272
2015	동작구	신대방2동	1,229	20,312	9,383	1,121	510	16,388	7,409	2,278	1,129	525	335
2015	동작구	흑석동	1,528	9,421	4,924	1,651	795	5,366	2,827	2,331	1,263	73	39
2015	동작구	노량진1동	2,275	9,726	5,041	2,946	1,404	4,870	2,716	1,595	808	315	113
2015	동작구	사당2동	1,586	5,438	2,844	1,681	793	2,803	1,490	842	502	112	59
2015	관악구	소계	26,235	119,180	57,382	27,833	11,773	61,758	30,902	22,203	10,653	7,386	4,054
2015	관악구	보라매동	1,421	7,131	3,808	1,372	641	3,787	1,762	931	630	1,041	775
2015	관악구	청림동	442	1,187	691	491	244	481	298	171	119	44	30
2015	관악구	행운동	1,427	5,866	2,985	1,501	657	2,740	1,438	1,348	692	277	198
2015	관악구	낙성대동	1,247	9,003	3,963	1,197	517	5,425	2,466	1,896	644	485	336
2015	관악구	중앙동	1,465	6,107	2,687	1,451	434	2,234	1,261	1,356	642	1,066	350
2015	관악구	인헌동	1,094	4,637	2,359	1,215	535	2,702	1,461	591	309	129	54
2015	관악구	남현동	913	6,397	2,673	819	367	3,895	1,604	1,343	456	340	246
2015	관악구	서원동	1,302	7,677	4,071	1,344	608	4,363	2,260	1,506	852	464	351
2015	관악구	신원동	829	2,430	1,360	999	462	882	500	462	343	87	55
2015	관악구	서림동	904	2,663	1,104	1,043	425	1,221	460	341	184	58	35
2015	관악구	신사동	1,428	4,470	2,245	1,652	728	1,837	979	678	355	303	183
2015	관악구	신림동	1,634	5,899	3,018	1,857	870	2,512	1,269	1,263	670	267	209
2015	관악구	난향동	398	2,058	1,094	413	159	1,409	792	214	134	22	9
2015	관악구	조원동	2,066	7,075	3,155	2,201	851	3,658	1,574	1,092	674	124	56
2015	관악구	대학동	1,724	12,777	6,837	1,887	853	8,163	4,506	2,633	1,415	94	63
2015	관악구	은천동	1,643	7,623	3,574	1,672	682	3,409	1,690	1,726	602	816	600
2015	관악구	성현동	835	2,692	1,449	850	324	1,516	905	292	195	34	25
2015	관악구	청룡동	1,909	12,196	4,782	1,933	870	6,542	2,923	2,526	787	1,195	202
2015	관악구	난곡동	918	2,474	1,253	1,063	383	1,040	638	291	165	80	67
2015	관악구	삼성동	1,051	2,390	1,186	1,123	454	1,013	567	132	76	122	89
2015	관악구	미성동	1,585	6,428	3,088	1,750	709	2,929	1,549	1,411	709	338	121
2015	서초구	소계	47,061	439,963	169,979	34,092	14,724	314,072	124,521	75,195	23,040	16,604	7,694
2015	서초구	서초1동	3,655	31,743	11,948	2,340	877	22,808	8,961	5,313	1,442	1,282	668
2015	서초구	서초2동	4,520	49,732	18,321	2,498	1,106	36,462	13,632	6,842	1,646	3,930	1,937
2015	서초구	서초3동	7,518	75,372	29,159	4,776	1,635	57,464	22,956	10,013	3,391	3,119	1,177
2015	서초구	서초4동	2,954	27,279	13,139	2,371	959	20,948	10,164	3,064	1,613	896	403
2015	서초구	잠원동	2,446	18,318	8,004	1,845	809	13,706	5,806	2,402	1,131	365	258
2015	서초구	반포본동	655	2,668	1,443	644	384	1,553	730	195	139	276	190
2015	서초구	반포1동	1,645	9,696	4,345	1,319	617	6,441	3,067	1,813	612	123	49
2015	서초구	반포2동	460	2,885	1,458	390	215	2,035	1,023	345	154	115	66
2015	서초구	반포3동	958	7,474	3,761	834	395	5,073	2,629	1,430	644	137	93
2015	서초구	반포4동	3,579	34,309	16,279	3,195	1,794	25,072	11,194	5,156	2,864	886	427
2015	서초구	방배본동	1,669	11,038	5,053	1,475	720	7,452	2,890	1,975	1,359	136	84
2015	서초구	방배1동	1,756	15,680	6,077	1,354	595	8,951	4,245	4,771	977	604	260
2015	서초구	방배2동	1,976	19,515	6,164	1,592	698	10,156	3,621	6,442	968	1,325	877
2015	서초구	방배3동	1,184	13,939	4,593	840	386	8,845	3,175	3,949	925	305	107
2015	서초구	방배4동	2,403	14,575	5,756	1,874	796	9,704	4,125	2,506	580	491	255
2015	서초구	양재1동	3,707	46,803	16,046	2,483	1,031	32,990	12,141	10,257	2,427	1,073	447
2015	서초구	양재2동	5,332	50,256	15,903	3,598	1,442	39,197	12,374	5,991	1,736	1,470	351
2015	서초구	내곡동	644	8,681	2,530	664	265	5,215	1,788	2,731	432	71	45
2015	강남구	소계	73,590	711,278	305,498	49,121	20,913	550,331	234,180	83,646	34,655	28,180	15,750
2015	강남구	신사동	4,958	29,398	15,240	3,757	1,650	20,899	10,789	3,610	2,236	1,132	565
2015	강남구	논현1동	5,770	43,779	20,314	3,867	1,557	34,966	16,507	3,915	1,683	1,031	567
2015	강남구	논현2동	5,731	65,282	27,341	3,526	1,456	51,659	22,331	8,429	2,574	1,668	980
2015	강남구	삼성1동	4,292	69,772	26,346	2,057	923	60,959	22,120	4,628	2,040	2,128	1,263
2015	강남구	삼성2동	3,872	37,420	16,386	2,304	1,025	28,854	12,047	4,074	1,968	2,188	1,346
2015	강남구	대치1동	1,013	7,103	3,974	976	495	4,243	2,335	792	471	1,092	673
2015	강남구	대치4동	3,756	29,049	12,176	2,816	1,247	21,446	8,172	2,873	1,685	1,914	1,072
2015	강남구	역삼1동	15,116	154,595	63,195	8,551	3,428	119,034	47,395	19,253	8,135	7,757	4,237
2015	강남구	역삼2동	3,489	40,726	16,037	2,042	892	30,355	12,434	6,775	1,782	1,554	929
2015	강남구	도곡1동	1,656	19,542	8,015	1,124	467	15,170	6,435	2,657	756	591	357
2015	강남구	도곡2동	1,970	22,083	8,674	1,187	568	17,639	7,050	2,839	824	418	232
2015	강남구	개포1동	490	1,694	582	507	208	1,035	328	132	28	20	18
2015	강남구	개포4동	2,403	12,402	4,077	1,739	618	8,592	2,877	1,782	470	289	112
2015	강남구	일원본동	526	8,164	5,708	511	251	7,421	5,327	181	107	51	23
2015	강남구	일원1동	1,917	6,527	2,216	1,902	414	2,963	1,127	1,236	438	426	237
2015	강남구	일원2동	646	8,585	2,396	511	225	7,127	1,516	712	480	235	175
2015	강남구	수서동	1,650	16,875	6,282	954	351	11,659	3,801	3,891	1,885	371	245
2015	강남구	세곡동	897	4,598	2,086	809	315	3,022	1,447	441	259	326	65
2015	강남구	압구정동	4,360	34,695	18,755	3,287	1,518	26,331	14,387	3,716	2,185	1,361	665
2015	강남구	청담동	4,597	43,578	22,402	3,275	1,640	32,999	17,458	5,919	2,510	1,385	794
2015	강남구	대치2동	3,579	51,945	21,308	2,526	1,238	41,818	17,017	5,441	1,924	2,160	1,129
2015	강남구	개포2동	902	3,466	1,988	893	427	2,140	1,280	350	215	83	66
2015	송파구	소계	45,375	302,517	120,682	38,768	16,287	199,993	78,842	52,313	19,228	11,443	6,325
2015	송파구	풍납1동	785	2,774	1,577	840	380	1,292	666	452	378	190	153
2015	송파구	풍납2동	1,188	15,800	9,539	1,147	486	12,973	8,048	1,438	947	242	58
2015	송파구	거여1동	895	2,976	1,398	892	342	1,584	735	244	145	256	176
2015	송파구	거여2동	1,082	3,987	1,817	1,093	419	2,396	1,054	398	268	100	76
2015	송파구	마천1동	998	2,313	1,075	1,075	402	1,022	540	193	119	23	14
2015	송파구	마천2동	1,343	4,657	2,110	1,410	615	2,636	1,144	521	307	90	44
2015	송파구	방이1동	1,359	11,044	4,015	1,179	544	6,154	2,400	3,327	822	384	249
2015	송파구	방이2동	3,030	22,334	8,935	2,547	1,068	15,078	6,033	3,131	1,063	1,578	771
2015	송파구	오륜동	533	4,491	2,087	399	243	3,152	1,420	659	299	281	125
2015	송파구	오금동	3,214	17,071	5,671	2,944	854	11,232	4,001	2,599	672	296	144
2015	송파구	송파1동	2,528	13,522	4,678	2,204	805	5,990	2,447	5,006	1,189	322	237
2015	송파구	송파2동	938	5,517	2,298	923	437	3,572	1,417	758	224	264	220
2015	송파구	석촌동	2,722	16,586	6,798	2,456	1,046	9,257	3,749	3,886	1,459	987	544
2015	송파구	삼전동	1,969	12,617	4,127	1,862	810	5,995	2,157	4,380	969	380	191
2015	송파구	가락본동	3,647	31,676	12,291	2,669	1,083	22,792	9,060	4,590	1,442	1,625	706
2015	송파구	가락1동	2,954	10,589	3,102	1,472	608	8,364	2,193	684	264	69	37
2015	송파구	가락2동	1,936	10,867	4,477	1,726	774	7,361	2,911	1,440	630	340	162
2015	송파구	문정1동	1,397	7,901	2,935	1,216	522	5,508	1,926	1,013	382	164	105
2015	송파구	문정2동	2,802	17,613	5,771	1,851	783	12,897	3,961	2,585	944	280	83
2015	송파구	장지동	1,444	11,991	3,829	1,298	506	9,098	2,556	1,360	642	235	125
2015	송파구	위례동	154	666	379	139	54	432	262	91	59	4	4
2015	송파구	잠실본동	3,032	19,062	7,617	2,999	1,322	11,163	4,592	4,269	1,266	631	437
2015	송파구	잠실4동	479	1,863	1,133	475	245	1,136	706	229	162	23	20
2015	송파구	잠실6동	2,445	39,591	14,505	1,745	699	30,458	10,318	5,102	2,104	2,286	1,384
2015	송파구	잠실7동	196	1,100	627	196	111	785	453	113	62	6	1
2015	송파구	잠실2동	782	4,040	2,223	687	380	2,599	1,359	635	399	119	85
2015	송파구	잠실3동	1,523	9,869	5,668	1,324	749	5,067	2,734	3,210	2,011	268	174
2015	강동구	소계	30,079	143,061	64,295	30,758	12,625	82,431	36,804	22,114	9,304	7,758	5,562
2015	강동구	강일동	912	16,424	3,548	837	294	12,314	2,624	3,147	554	126	76
2015	강동구	상일동	1,106	5,472	2,773	1,174	421	3,593	1,919	526	345	179	88
2015	강동구	명일1동	1,655	6,003	3,544	1,800	895	2,847	1,683	920	576	436	390
2015	강동구	명일2동	1,304	5,077	2,835	1,313	668	2,828	1,560	650	387	286	220
2015	강동구	고덕1동	581	1,959	954	587	233	993	543	137	57	242	121
2015	강동구	고덕2동	1,798	3,214	977	1,823	275	1,101	560	227	121	63	21
2015	강동구	암사2동	819	4,360	2,345	872	371	2,478	1,381	984	573	26	20
2015	강동구	암사3동	596	1,998	1,024	611	249	1,084	583	293	187	10	5
2015	강동구	천호1동	1,504	5,431	2,834	1,618	627	2,862	1,626	687	388	264	193
2015	강동구	천호3동	1,816	7,550	3,402	1,873	833	4,476	1,854	683	385	518	330
2015	강동구	성내1동	2,090	17,390	6,950	1,773	679	10,948	4,606	3,931	1,235	738	430
2015	강동구	성내2동	1,950	7,653	3,799	2,000	867	3,488	1,619	1,155	504	1,010	809
2015	강동구	성내3동	2,422	10,320	4,871	2,530	1,131	5,906	2,693	1,360	715	524	332
2015	강동구	둔촌1동	416	1,361	576	440	209	820	311	46	28	55	28
2015	강동구	둔촌2동	1,565	9,063	4,378	1,577	645	6,340	3,186	910	391	236	156
2015	강동구	암사1동	1,892	5,313	2,444	2,073	848	2,139	1,110	973	413	128	73
2015	강동구	천호2동	3,685	14,534	7,562	3,766	1,681	7,433	3,784	2,457	1,380	878	717
2015	강동구	길동	3,968	19,939	9,479	4,091	1,699	10,781	5,162	3,028	1,065	2,039	1,553