기간	컬럼1	컬럼2	합계	합계	합계	자영업주 및 무급가족	자영업주 및 무급가족	상용근로자	상용근로자	임시 및 일용근로자	임시 및 일용근로자	기타 종사자	기타 종사자
기간	컬럼1	컬럼2	사업체수	총종사자수	여성종사자	소계	여성종사자	소계	여성종사자	소계	여성종사자	소계	여성종사자
2017	합계	합계	822,863	5,119,913	2,271,763	745,952	310,131	3,495,877	1,534,779	673,387	305,775	204,697	121,078
2017	종로구	소계	40,490	268,702	114,602	37,971	15,601	198,146	79,791	21,623	12,413	10,962	6,797
2017	종로구	사직동	3,544	52,489	21,460	2,138	1,052	45,041	17,305	3,100	1,683	2,210	1,420
2017	종로구	삼청동	753	4,507	2,282	623	351	3,501	1,661	339	255	44	15
2017	종로구	부암동	567	4,147	2,010	506	248	2,215	1,138	230	152	1,196	472
2017	종로구	평창동	739	3,547	1,868	643	317	2,142	1,164	253	141	509	246
2017	종로구	무악동	531	1,457	728	514	109	780	522	128	85	35	12
2017	종로구	교남동	347	3,816	2,263	298	127	3,211	1,953	260	169	47	14
2017	종로구	가회동	747	13,681	3,456	659	366	12,371	2,676	363	243	288	171
2017	종로구	종로1.2.3.4가동	15,851	111,270	44,381	14,605	5,731	83,951	31,040	8,241	4,540	4,473	3,070
2017	종로구	종로5·6가동	7,613	23,581	9,090	7,892	3,053	13,747	5,095	1,571	815	371	127
2017	종로구	이화동	1,289	17,511	10,383	1,058	458	14,150	8,527	2,040	1,275	263	123
2017	종로구	창신1동	2,302	6,734	3,480	2,613	1,001	3,125	1,936	751	410	245	133
2017	종로구	창신2동	871	2,332	1,294	1,096	461	513	288	638	489	85	56
2017	종로구	창신3동	264	851	411	284	110	455	217	93	68	19	16
2017	종로구	숭인1동	507	1,433	769	520	205	504	291	350	244	59	29
2017	종로구	숭인2동	1,812	6,657	3,588	1,866	698	3,112	1,707	861	492	818	691
2017	종로구	청운효자동	1,016	5,891	2,748	919	490	4,229	1,787	585	360	158	111
2017	종로구	혜화동	1,737	8,798	4,391	1,737	824	5,099	2,484	1,820	992	142	91
2017	중구	소계	62,936	386,648	174,115	63,962	29,558	280,903	119,343	31,413	18,123	10,370	7,091
2017	중구	소공동	3,918	59,386	25,746	2,341	1,095	51,560	21,301	3,873	2,269	1,612	1,081
2017	중구	회현동	9,425	48,533	22,303	10,135	5,996	35,310	14,144	1,733	1,071	1,355	1,092
2017	중구	명동	6,770	107,800	48,897	4,306	1,839	92,357	39,801	7,817	4,768	3,320	2,489
2017	중구	필동	3,075	23,521	9,916	2,518	828	17,795	7,379	3,165	1,678	43	31
2017	중구	장충동	855	9,592	3,874	628	258	7,997	3,210	926	380	41	26
2017	중구	광희동	9,253	39,108	17,885	9,800	4,186	23,057	9,957	5,166	3,182	1,085	560
2017	중구	을지로동	9,453	32,444	11,442	10,231	3,046	18,540	6,697	2,569	904	1,104	795
2017	중구	신당5동	1,305	4,064	2,195	1,524	646	1,515	858	554	350	471	341
2017	중구	황학동	1,867	5,696	2,437	2,180	875	2,961	1,251	535	299	20	12
2017	중구	중림동	982	6,948	3,339	926	398	5,069	2,456	360	224	593	261
2017	중구	신당동	12,073	29,305	16,799	15,573	8,819	10,934	6,068	2,535	1,837	263	75
2017	중구	다산동	1,396	9,014	3,866	1,207	466	6,896	2,869	781	430	130	101
2017	중구	약수동	841	3,624	1,940	808	376	2,437	1,316	311	200	68	48
2017	중구	청구동	785	4,116	1,638	743	284	2,538	969	688	294	147	91
2017	중구	동화동	938	3,497	1,838	1,042	446	1,937	1,067	400	237	118	88
2017	용산구	소계	20,806	133,260	59,602	17,631	7,420	97,480	42,216	14,481	7,914	3,668	2,052
2017	용산구	후암동	859	5,156	2,917	843	359	4,054	2,384	252	168	7	6
2017	용산구	용산2가동	557	1,899	929	552	216	966	473	381	240	-	-
2017	용산구	남영동	1,714	17,940	8,503	1,347	618	13,017	5,845	1,617	921	1,959	1,119
2017	용산구	원효로2동	1,010	5,783	2,263	754	265	4,266	1,544	638	437	125	17
2017	용산구	효창동	462	2,249	954	369	150	1,373	682	484	105	23	17
2017	용산구	용문동	660	1,783	880	707	339	975	490	99	51	2	-
2017	용산구	이촌1동	813	3,701	2,152	750	414	2,382	1,362	514	338	55	38
2017	용산구	이촌2동	350	827	289	344	112	403	138	74	34	6	5
2017	용산구	이태원1동	1,652	7,557	3,285	1,521	706	4,251	1,701	1,765	873	20	5
2017	용산구	이태원2동	752	3,241	1,369	688	275	2,112	915	418	164	23	15
2017	용산구	서빙고동	385	4,555	1,755	300	121	3,379	1,349	727	225	149	60
2017	용산구	보광동	844	1,925	922	893	406	831	396	150	84	51	36
2017	용산구	청파동	1,881	9,383	5,003	2,044	914	5,109	2,592	1,892	1,297	338	200
2017	용산구	원효로1동	1,815	9,716	3,956	1,453	586	7,409	2,943	709	384	145	43
2017	용산구	한강로동	4,972	40,821	16,356	3,470	1,202	33,972	13,160	3,038	1,812	341	182
2017	용산구	한남동	2,080	16,724	8,069	1,596	737	12,981	6,242	1,723	781	424	309
2017	성동구	소계	27,278	167,308	68,811	23,802	9,213	121,195	48,517	16,185	8,278	6,126	2,803
2017	성동구	왕십리2동	803	2,718	1,538	846	341	1,000	599	587	397	285	201
2017	성동구	마장동	3,282	11,918	4,034	2,986	984	7,754	2,502	1,081	508	97	40
2017	성동구	사근동	1,106	11,748	5,817	1,049	432	8,440	4,024	2,191	1,313	68	48
2017	성동구	행당1동	1,459	9,210	4,728	1,313	601	6,125	3,087	1,654	981	118	59
2017	성동구	행당2동	592	2,046	1,182	611	293	1,201	731	219	144	15	14
2017	성동구	응봉동	379	1,053	546	387	150	548	331	85	48	33	17
2017	성동구	금호1가동	506	1,701	919	534	226	827	474	302	192	38	27
2017	성동구	금호4가동	635	1,894	1,018	699	326	927	541	225	124	43	27
2017	성동구	성수1가1동	1,601	8,806	3,543	1,281	421	6,386	2,629	833	427	306	66
2017	성동구	성수1가2동	2,346	17,723	6,912	1,702	629	14,552	5,687	971	493	498	103
2017	성동구	성수2가1동	2,605	18,333	6,624	2,236	826	14,518	5,135	924	446	655	217
2017	성동구	성수2가3동	5,203	47,180	17,221	3,483	1,073	38,463	14,371	3,440	1,263	1,794	514
2017	성동구	송정동	692	2,393	991	652	202	1,538	716	183	69	20	4
2017	성동구	용답동	2,089	13,476	4,405	1,928	728	9,956	2,995	746	368	846	314
2017	성동구	왕십리도선동	2,079	11,017	5,943	2,145	1,005	5,924	2,889	1,723	972	1,225	1,077
2017	성동구	금호2.3가동	1,034	2,867	1,617	1,142	565	1,199	762	472	244	54	46
2017	성동구	옥수동	867	3,225	1,773	808	411	1,837	1,044	549	289	31	29
2017	광진구	소계	24,688	125,170	56,133	24,460	10,388	69,011	31,720	25,110	10,415	6,589	3,610
2017	광진구	화양동	2,437	15,265	7,427	2,581	1,094	8,494	3,934	3,925	2,255	265	144
2017	광진구	군자동	1,580	9,700	4,556	1,550	644	5,810	2,466	2,032	1,250	308	196
2017	광진구	중곡1동	1,612	6,629	2,852	1,696	689	3,921	1,642	734	334	278	187
2017	광진구	중곡2동	1,622	6,496	3,207	1,581	676	3,684	1,903	963	426	268	202
2017	광진구	중곡3동	1,330	5,380	2,419	1,510	642	2,224	1,143	1,367	571	279	63
2017	광진구	중곡4동	1,563	4,891	2,302	1,804	750	2,341	1,134	626	345	120	73
2017	광진구	능동	783	5,705	3,151	648	284	2,896	1,430	907	539	1,254	898
2017	광진구	구의1동	1,846	7,159	3,146	1,820	816	3,496	1,578	1,296	560	547	192
2017	광진구	구의2동	1,297	5,167	2,347	1,264	520	2,942	1,365	609	320	352	142
2017	광진구	구의3동	2,652	14,918	6,176	2,279	944	9,426	3,952	2,934	1,153	279	127
2017	광진구	광장동	1,419	16,535	5,814	1,142	522	7,659	3,695	5,811	718	1,923	879
2017	광진구	자양1동	1,711	8,543	3,741	1,771	786	5,627	2,442	905	344	240	169
2017	광진구	자양2동	1,487	6,271	2,741	1,450	549	3,936	1,742	690	282	195	168
2017	광진구	자양3동	1,353	6,183	3,362	1,197	522	3,603	1,995	1,258	762	125	83
2017	광진구	자양4동	1,996	6,328	2,892	2,167	950	2,952	1,299	1,053	556	156	87
2017	동대문구	소계	32,411	142,842	66,784	34,022	13,601	82,330	38,307	19,580	10,421	6,910	4,455
2017	동대문구	회기동	997	8,922	4,855	1,098	492	6,856	3,692	916	636	52	35
2017	동대문구	휘경1동	977	3,825	1,924	1,054	457	1,909	898	632	353	230	216
2017	동대문구	휘경2동	1,210	5,204	2,655	1,214	327	3,457	2,002	490	305	43	21
2017	동대문구	청량리동	1,679	8,818	4,020	1,805	766	5,592	2,529	800	373	621	352
2017	동대문구	용신동	5,640	33,713	15,511	5,682	2,185	21,329	9,397	4,716	2,428	1,986	1,501
2017	동대문구	제기동	4,750	12,275	5,415	5,764	2,577	5,387	2,216	837	468	287	154
2017	동대문구	전농1동	2,199	8,492	4,081	2,333	1,046	4,132	1,944	1,715	968	312	123
2017	동대문구	전농2동	894	5,038	2,378	871	365	3,093	1,517	459	261	615	235
2017	동대문구	답십리1동	1,961	7,131	3,304	1,960	658	3,818	1,879	670	368	683	399
2017	동대문구	답십리2동	2,186	7,251	2,864	2,168	737	3,740	1,491	1,009	411	334	225
2017	동대문구	장안1동	4,572	21,603	9,388	4,340	1,571	12,926	5,727	3,169	1,306	1,168	784
2017	동대문구	장안2동	3,164	11,590	6,260	3,297	1,379	5,868	3,217	2,033	1,369	392	295
2017	동대문구	이문1동	1,477	6,698	3,182	1,669	725	2,946	1,309	1,933	1,052	150	96
2017	동대문구	이문2동	705	2,282	947	767	316	1,277	489	201	123	37	19
2017	중랑구	소계	28,045	102,758	49,521	30,843	12,077	49,397	24,230	17,055	10,162	5,463	3,052
2017	중랑구	면목2동	2,035	6,440	3,076	2,409	952	2,591	1,251	1,367	833	73	40
2017	중랑구	면목4동	1,166	3,785	1,729	1,295	527	1,684	697	631	378	175	127
2017	중랑구	면목5동	850	2,865	1,185	1,016	383	1,267	448	523	332	59	22
2017	중랑구	면목7동	1,485	4,426	2,342	1,909	864	1,732	949	723	482	62	47
2017	중랑구	상봉1동	1,148	6,397	2,988	1,080	411	3,641	1,561	681	450	995	566
2017	중랑구	상봉2동	2,102	9,120	4,236	2,210	989	4,943	2,136	1,273	739	694	372
2017	중랑구	중화1동	1,096	3,929	2,284	1,165	465	1,898	1,236	479	302	387	281
2017	중랑구	중화2동	2,175	7,441	3,265	2,456	1,035	3,206	1,473	1,267	659	512	98
2017	중랑구	묵1동	1,513	5,749	3,017	1,513	598	2,680	1,464	1,244	719	312	236
2017	중랑구	묵2동	1,780	4,949	2,369	1,875	638	1,977	984	844	545	253	202
2017	중랑구	망우3동	1,115	3,914	2,034	1,253	478	1,825	1,000	729	494	107	62
2017	중랑구	신내1동	1,998	10,597	4,486	2,003	680	7,222	3,147	1,140	544	232	115
2017	중랑구	신내2동	1,115	5,966	3,125	1,067	443	3,617	1,890	680	441	602	351
2017	중랑구	면목본동	2,511	7,756	4,133	3,102	1,367	2,283	1,431	2,133	1,211	238	124
2017	중랑구	면목3.8동	2,100	7,089	3,576	2,461	1,040	2,808	1,492	1,588	947	232	97
2017	중랑구	망우본동	3,856	12,335	5,676	4,029	1,207	6,023	3,071	1,753	1,086	530	312
2017	성북구	소계	24,039	108,991	55,757	25,493	10,891	62,390	32,242	18,056	10,554	3,052	2,070
2017	성북구	돈암1동	389	1,802	842	386	154	846	547	485	94	85	47
2017	성북구	돈암2동	433	2,294	1,480	429	211	1,659	1,123	193	137	13	9
2017	성북구	안암동	1,456	12,813	7,388	1,336	517	9,981	5,976	1,387	830	109	65
2017	성북구	보문동	1,330	5,229	2,453	1,492	588	2,853	1,307	639	398	245	160
2017	성북구	정릉1동	753	2,064	1,083	816	344	849	533	358	191	41	15
2017	성북구	정릉2동	887	2,819	1,361	952	356	1,397	750	344	205	126	50
2017	성북구	정릉3동	677	4,302	1,947	663	271	2,571	1,105	1,012	534	56	37
2017	성북구	정릉4동	921	4,242	1,773	977	390	2,824	1,079	265	182	176	122
2017	성북구	길음1동	1,092	3,950	2,452	1,172	577	2,202	1,458	452	318	124	99
2017	성북구	길음2동	935	4,269	2,601	868	418	2,591	1,553	461	351	349	279
2017	성북구	월곡1동	1,351	5,039	2,540	1,410	582	2,749	1,412	732	455	148	91
2017	성북구	월곡2동	1,589	7,619	3,393	1,731	735	4,367	1,806	1,501	845	20	7
2017	성북구	장위1동	928	2,339	1,262	1,000	383	841	542	443	302	55	35
2017	성북구	장위2동	1,478	4,599	2,316	1,786	761	1,713	768	1,051	754	49	33
2017	성북구	장위3동	628	2,722	1,244	707	247	1,454	631	432	294	129	72
2017	성북구	성북동	1,132	5,170	2,609	987	468	3,251	1,566	793	503	139	72
2017	성북구	삼선동	1,906	10,312	5,370	1,993	925	6,570	3,393	1,376	783	373	269
2017	성북구	동선동	1,995	9,940	5,454	2,079	956	5,087	2,844	2,370	1,344	404	310
2017	성북구	종암동	2,022	7,350	3,735	2,267	1,001	3,569	1,874	1,346	769	168	91
2017	성북구	석관동	2,137	10,117	4,454	2,442	1,007	5,016	1,975	2,416	1,265	243	207
2017	강북구	소계	18,928	71,752	38,330	20,313	8,526	34,995	18,509	11,448	7,282	4,996	4,013
2017	강북구	번1동	1,836	9,166	5,290	1,810	795	3,891	1,970	1,677	1,040	1,788	1,485
2017	강북구	번2동	678	3,442	1,288	662	202	2,364	812	332	200	84	74
2017	강북구	번3동	912	2,959	1,284	891	258	1,526	743	371	231	171	52
2017	강북구	수유1동	1,432	5,090	2,710	1,633	749	2,673	1,433	555	360	229	168
2017	강북구	수유2동	1,339	4,179	2,326	1,458	608	1,897	1,176	595	340	229	202
2017	강북구	수유3동	2,446	9,009	5,094	2,650	1,206	3,608	1,924	1,768	1,137	983	827
2017	강북구	삼양동	1,186	3,743	2,187	1,273	534	1,605	1,003	781	596	84	54
2017	강북구	미아동	1,670	6,501	3,679	1,823	786	3,034	1,770	1,136	657	508	466
2017	강북구	송중동	1,962	8,026	4,608	2,033	856	4,077	2,471	1,621	1,041	295	240
2017	강북구	송천동	2,106	7,440	3,973	2,335	990	3,520	1,904	1,168	769	417	310
2017	강북구	삼각산동	775	2,337	1,407	814	357	1,311	921	199	119	13	10
2017	강북구	우이동	1,029	4,271	1,656	1,230	524	2,442	743	528	370	71	19
2017	강북구	인수동	1,557	5,589	2,828	1,701	661	3,047	1,639	717	422	124	106
2017	도봉구	소계	18,351	70,503	34,418	19,582	7,824	38,535	19,322	9,162	5,326	3,224	1,946
2017	도봉구	쌍문1동	890	3,852	2,142	904	349	2,319	1,411	505	305	124	77
2017	도봉구	쌍문2동	1,242	5,053	2,611	1,282	552	2,827	1,453	664	391	280	215
2017	도봉구	쌍문3동	971	4,015	2,019	1,038	416	2,265	1,226	602	329	110	48
2017	도봉구	쌍문4동	616	2,003	1,083	638	284	1,209	715	155	84	1	-
2017	도봉구	방학1동	2,266	10,787	5,095	2,529	1,160	6,572	2,831	1,441	910	245	194
2017	도봉구	방학2동	1,207	3,264	1,832	1,530	677	1,151	743	562	399	21	13
2017	도봉구	방학3동	872	3,242	1,607	877	312	1,788	1,044	379	235	198	16
2017	도봉구	창1동	1,413	4,207	2,092	1,463	502	1,973	1,158	551	291	220	141
2017	도봉구	창2동	1,356	4,348	2,043	1,536	631	1,971	1,048	496	289	345	75
2017	도봉구	창3동	929	2,199	1,204	1,058	429	831	576	240	133	70	66
2017	도봉구	창4동	1,277	7,384	3,584	1,194	488	3,973	1,824	1,435	734	782	538
2017	도봉구	창5동	2,133	7,148	3,395	2,111	600	4,018	2,104	572	337	447	354
2017	도봉구	도봉1동	1,714	6,135	2,592	1,955	843	3,275	1,232	777	419	128	98
2017	도봉구	도봉2동	1,465	6,866	3,119	1,467	581	4,363	1,957	783	470	253	111
2017	노원구	소계	26,516	117,859	62,097	26,647	10,771	67,372	35,638	16,650	10,257	7,190	5,431
2017	노원구	월계1동	1,488	6,121	2,581	1,585	637	2,652	1,014	1,784	859	100	71
2017	노원구	월계2동	944	3,464	1,507	958	288	2,263	1,048	239	169	4	2
2017	노원구	월계3동	963	3,943	1,968	965	355	2,431	1,202	303	231	244	180
2017	노원구	공릉2동	1,834	11,823	5,779	1,763	682	7,856	3,827	2,173	1,250	31	20
2017	노원구	하계1동	1,103	7,546	3,826	997	445	5,405	2,607	898	577	246	197
2017	노원구	하계2동	395	1,307	759	435	160	690	471	160	115	22	13
2017	노원구	중계본동	1,198	5,494	2,701	1,174	510	2,988	1,410	715	420	617	361
2017	노원구	중계1동	1,000	4,392	2,504	1,004	460	2,187	1,316	680	421	521	307
2017	노원구	중계4동	1,049	3,975	2,317	1,131	499	1,976	1,139	665	490	203	189
2017	노원구	상계1동	3,114	10,558	4,617	3,099	842	5,795	2,625	992	586	672	564
2017	노원구	상계2동	2,614	10,662	6,514	2,676	1,296	5,212	3,382	2,392	1,549	382	287
2017	노원구	상계5동	1,605	4,600	2,352	1,714	738	2,225	1,269	572	310	89	35
2017	노원구	상계8동	595	2,017	1,267	646	267	1,124	842	209	140	38	18
2017	노원구	상계9동	713	2,488	1,418	734	306	1,321	818	329	226	104	68
2017	노원구	상계10동	455	2,203	993	435	159	1,486	628	124	85	158	121
2017	노원구	상계3.4동	1,278	4,354	2,001	1,329	549	2,672	1,224	325	208	28	20
2017	노원구	상계6.7동	1,958	15,618	9,799	1,838	809	8,916	5,377	1,710	1,107	3,154	2,506
2017	노원구	중계2.3동	1,361	5,555	3,307	1,362	659	3,067	1,893	1,081	722	45	33
2017	노원구	공릉1동	2,849	11,739	5,887	2,802	1,110	7,106	3,546	1,299	792	532	439
2017	은평구	소계	24,561	88,818	46,973	25,053	10,613	48,188	26,460	10,883	6,082	4,694	3,818
2017	은평구	녹번동	1,895	9,439	4,651	1,696	628	6,640	3,414	889	426	214	183
2017	은평구	불광1동	1,677	6,733	4,151	1,791	846	3,354	2,018	807	535	781	752
2017	은평구	갈현1동	1,457	5,184	3,018	1,581	694	2,133	1,303	739	413	731	608
2017	은평구	갈현2동	1,596	5,828	3,451	1,737	794	2,791	1,774	1,030	647	270	236
2017	은평구	구산동	1,205	5,233	2,872	1,145	413	3,757	2,263	285	168	46	28
2017	은평구	대조동	2,530	7,921	4,662	2,722	1,341	3,321	1,894	1,321	961	557	466
2017	은평구	응암1동	1,600	7,261	3,823	1,555	704	3,987	2,351	1,358	467	361	301
2017	은평구	응암2동	654	2,011	1,145	698	309	1,157	748	136	70	20	18
2017	은평구	신사1동	1,290	4,069	1,989	1,334	542	1,881	1,010	683	277	171	160
2017	은평구	신사2동	1,691	3,612	1,317	1,668	292	1,535	739	335	214	74	72
2017	은평구	증산동	1,017	3,555	1,512	1,000	419	2,051	878	267	142	237	73
2017	은평구	수색동	625	2,476	840	626	257	1,640	474	188	101	22	8
2017	은평구	진관동	1,648	8,664	4,579	1,477	682	6,022	3,134	883	555	282	208
2017	은평구	불광2동	1,321	4,429	2,490	1,392	661	2,147	1,181	451	294	439	354
2017	은평구	응암3동	1,844	4,934	2,748	2,071	953	2,231	1,372	473	282	159	141
2017	은평구	역촌동	2,511	7,469	3,725	2,560	1,078	3,541	1,907	1,038	530	330	210
2017	서대문구	소계	19,852	111,117	55,449	19,685	8,436	69,598	35,487	17,147	9,054	4,687	2,472
2017	서대문구	천연동	941	2,898	1,487	970	445	1,435	789	448	226	45	27
2017	서대문구	홍제1동	1,163	4,679	2,188	1,143	518	1,851	1,115	1,304	355	381	200
2017	서대문구	홍제3동	1,201	3,730	2,063	1,360	632	2,016	1,213	299	180	55	38
2017	서대문구	홍제2동	594	1,751	923	575	279	950	520	182	104	44	20
2017	서대문구	홍은1동	964	2,521	1,308	1,007	443	1,167	659	266	161	81	45
2017	서대문구	홍은2동	1,176	5,405	2,464	1,245	483	3,419	1,518	606	385	135	78
2017	서대문구	남가좌1동	797	2,197	1,409	879	458	861	580	259	191	198	180
2017	서대문구	남가좌2동	1,243	4,877	2,467	1,339	592	1,644	846	1,868	1,015	26	14
2017	서대문구	북가좌1동	665	3,407	1,203	629	239	1,834	755	346	195	598	14
2017	서대문구	북가좌2동	2,381	6,903	2,942	2,560	780	2,721	1,195	1,498	882	124	85
2017	서대문구	충현동	1,825	24,126	9,888	1,337	604	18,412	7,377	2,510	846	1,867	1,061
2017	서대문구	북아현동	864	2,677	1,520	948	413	1,248	730	459	365	22	12
2017	서대문구	신촌동	3,720	35,054	20,434	3,472	1,605	24,663	14,714	6,085	3,602	834	513
2017	서대문구	연희동	2,318	10,892	5,153	2,221	945	7,377	3,476	1,017	547	277	185
2017	마포구	소계	36,325	247,999	113,292	29,669	12,593	171,650	77,788	37,246	17,355	9,434	5,556
2017	마포구	용강동	2,550	18,504	8,080	1,589	693	14,943	6,557	1,503	691	469	139
2017	마포구	대흥동	1,547	9,660	5,172	1,358	598	5,886	2,983	1,496	861	920	730
2017	마포구	염리동	699	4,050	1,858	642	314	2,704	1,222	480	177	224	145
2017	마포구	신수동	1,230	5,629	2,628	1,125	436	3,798	1,788	561	346	145	58
2017	마포구	서교동	9,686	60,482	30,407	7,490	3,170	39,233	19,130	10,368	5,801	3,391	2,306
2017	마포구	합정동	2,044	12,112	5,489	1,615	647	7,959	3,837	1,958	679	580	326
2017	마포구	망원1동	1,802	4,625	2,077	1,829	654	1,827	920	870	456	99	47
2017	마포구	망원2동	1,360	4,614	2,017	1,474	656	1,797	804	836	363	507	194
2017	마포구	연남동	1,611	6,441	2,925	1,418	599	3,814	1,871	1,110	391	99	64
2017	마포구	성산1동	1,488	13,161	3,862	1,056	391	6,431	2,666	5,316	599	358	206
2017	마포구	성산2동	1,747	12,091	6,413	1,584	665	7,737	4,329	2,592	1,365	178	54
2017	마포구	상암동	2,324	37,364	14,412	1,668	762	32,943	11,979	2,265	1,401	488	270
2017	마포구	도화동	2,047	15,957	7,795	1,453	641	12,124	5,584	2,117	1,391	263	179
2017	마포구	서강동	1,779	11,995	5,893	1,545	635	8,418	4,211	1,779	927	253	120
2017	마포구	공덕동	2,781	19,160	9,176	2,527	1,112	12,518	6,218	3,177	1,476	938	370
2017	마포구	아현동	1,630	12,154	5,088	1,296	620	9,518	3,689	818	431	522	348
2017	양천구	소계	26,077	119,943	56,163	25,889	11,068	67,829	32,415	18,148	8,325	8,077	4,355
2017	양천구	목1동	2,943	21,054	10,426	2,296	1,143	13,877	6,289	3,432	1,943	1,449	1,051
2017	양천구	목2동	1,145	4,186	1,972	1,206	543	2,176	1,027	579	239	225	163
2017	양천구	목3동	1,233	4,938	2,318	1,311	622	2,202	1,196	1,346	435	79	65
2017	양천구	목4동	1,352	3,950	2,197	1,453	725	1,553	870	746	457	198	145
2017	양천구	신월1동	1,853	5,569	2,541	2,125	919	2,411	1,070	804	366	229	186
2017	양천구	신월2동	1,223	4,039	1,750	1,197	429	2,124	1,035	484	162	234	124
2017	양천구	신월3동	955	4,126	1,580	943	343	2,309	892	542	266	332	79
2017	양천구	신월4동	1,174	3,992	1,537	1,202	474	1,951	748	724	211	115	104
2017	양천구	신월5동	1,013	4,814	1,967	1,113	471	3,018	1,088	573	319	110	89
2017	양천구	신월6동	1,387	3,329	977	1,392	212	1,153	585	281	119	503	61
2017	양천구	신월7동	1,384	5,674	1,943	1,444	563	3,582	1,108	500	208	148	64
2017	양천구	신정1동	1,148	5,075	2,752	1,235	634	3,036	1,658	554	266	250	194
2017	양천구	신정2동	1,110	3,688	2,012	1,193	559	1,641	968	542	323	312	162
2017	양천구	신정3동	1,795	9,428	3,984	1,701	662	5,897	2,687	1,161	490	669	145
2017	양천구	신정6동	758	6,407	3,573	681	343	4,471	2,514	863	488	392	228
2017	양천구	신정7동	1,024	4,837	2,223	1,028	427	2,930	1,244	522	325	357	227
2017	양천구	목5동	1,537	9,883	5,491	1,380	710	6,721	3,918	1,500	686	282	177
2017	양천구	신정4동	3,043	14,954	6,920	2,989	1,289	6,777	3,518	2,995	1,022	2,193	1,091
2017	강서구	소계	36,556	234,394	104,389	33,044	13,712	160,567	69,052	27,835	13,833	12,948	7,792
2017	강서구	염창동	2,126	16,513	6,594	1,654	752	12,015	4,586	2,050	792	794	464
2017	강서구	등촌1동	1,892	15,709	6,584	1,420	600	11,758	4,771	2,000	834	531	379
2017	강서구	등촌2동	737	3,766	1,987	709	288	2,327	1,137	286	140	444	422
2017	강서구	등촌3동	2,657	23,388	12,190	2,075	915	16,301	8,524	3,289	1,848	1,723	903
2017	강서구	화곡본동	1,356	4,073	2,337	1,450	631	2,004	1,331	424	219	195	156
2017	강서구	화곡2동	848	2,465	1,234	797	333	1,310	714	290	137	68	50
2017	강서구	화곡3동	1,212	4,827	2,620	1,245	570	2,267	1,233	925	509	390	308
2017	강서구	화곡4동	1,482	3,728	1,909	1,562	692	1,698	949	415	226	53	42
2017	강서구	화곡6동	1,846	10,871	4,949	1,804	794	6,127	2,428	1,852	857	1,088	870
2017	강서구	화곡8동	1,259	4,007	2,264	1,401	624	1,699	1,004	579	368	328	268
2017	강서구	가양1동	3,512	35,037	11,708	2,499	1,017	28,500	8,618	2,523	1,499	1,515	574
2017	강서구	가양2동	595	3,590	1,791	492	198	2,225	1,065	622	384	251	144
2017	강서구	가양3동	907	7,967	3,152	553	176	6,222	2,477	1,035	423	157	76
2017	강서구	발산1동	2,340	12,646	5,676	2,200	922	8,042	3,521	1,281	524	1,123	709
2017	강서구	공항동	2,096	37,599	17,176	1,796	769	32,583	14,744	1,673	811	1,547	852
2017	강서구	방화1동	2,677	10,176	5,388	2,701	1,150	5,787	3,255	1,017	658	671	325
2017	강서구	방화2동	3,318	15,126	5,745	2,995	843	9,336	3,258	2,206	1,240	589	404
2017	강서구	방화3동	908	4,516	1,991	832	296	2,659	998	804	611	221	86
2017	강서구	화곡1동	3,104	11,276	5,114	3,226	1,367	3,914	2,227	3,420	1,176	716	344
2017	강서구	우장산동	1,684	7,114	3,980	1,633	775	3,793	2,212	1,144	577	544	416
2017	구로구	소계	38,405	213,468	91,022	32,180	11,837	152,737	64,127	20,906	9,667	7,645	5,391
2017	구로구	신도림동	2,864	15,345	7,890	2,428	885	10,004	5,122	1,579	873	1,334	1,010
2017	구로구	구로1동	736	3,105	1,602	732	300	2,080	1,134	263	151	30	17
2017	구로구	구로3동	7,227	83,892	31,220	3,335	1,257	72,876	26,362	5,739	2,376	1,942	1,225
2017	구로구	구로4동	2,042	5,162	2,906	2,229	1,146	2,360	1,374	452	299	121	87
2017	구로구	구로5동	4,907	27,070	12,194	4,058	1,237	16,379	7,430	4,436	1,738	2,197	1,789
2017	구로구	고척1동	2,590	9,541	3,964	2,501	797	5,245	2,394	1,502	580	293	193
2017	구로구	고척2동	1,407	3,918	1,980	1,451	609	2,009	1,134	401	196	57	41
2017	구로구	개봉2동	1,170	3,247	1,790	1,263	546	1,377	857	457	275	150	112
2017	구로구	개봉3동	990	5,743	2,967	1,010	452	4,335	2,255	331	204	67	56
2017	구로구	오류1동	1,125	4,610	2,228	1,146	506	2,536	1,342	823	340	105	40
2017	구로구	오류2동	1,575	7,814	3,299	1,460	555	4,979	2,007	1,217	643	158	94
2017	구로구	수궁동	1,266	5,886	2,121	1,124	377	4,269	1,485	474	251	19	8
2017	구로구	가리봉동	986	2,783	1,573	1,139	577	1,190	687	267	137	187	172
2017	구로구	구로2동	7,816	29,888	12,317	6,556	1,870	20,315	8,969	2,176	1,062	841	416
2017	구로구	개봉1동	1,704	5,464	2,971	1,748	723	2,783	1,575	789	542	144	131
2017	금천구	소계	31,750	228,000	85,832	23,556	8,767	171,409	63,564	27,736	10,982	5,299	2,519
2017	금천구	가산동	14,339	157,491	55,279	6,691	2,348	129,529	45,592	17,725	6,002	3,546	1,337
2017	금천구	독산1동	4,085	24,308	9,331	3,429	1,235	16,900	6,067	3,184	1,546	795	483
2017	금천구	독산2동	1,194	3,584	1,795	1,283	555	1,427	768	739	386	135	86
2017	금천구	독산3동	2,174	8,040	3,561	2,388	1,009	4,461	1,859	1,110	643	81	50
2017	금천구	독산4동	1,018	3,286	1,713	1,134	498	1,419	714	706	488	27	13
2017	금천구	시흥1동	3,023	13,776	7,137	3,050	1,388	8,308	4,379	2,121	1,108	297	262
2017	금천구	시흥2동	577	2,005	1,231	567	189	1,152	842	131	91	155	109
2017	금천구	시흥3동	3,325	10,223	2,896	2,866	649	5,887	1,944	1,381	275	89	28
2017	금천구	시흥4동	855	1,975	1,119	908	340	698	509	234	148	135	122
2017	금천구	시흥5동	1,160	3,312	1,770	1,240	556	1,628	890	405	295	39	29
2017	영등포구	소계	43,163	362,800	152,293	35,457	13,690	281,830	117,226	31,528	13,747	13,985	7,630
2017	영등포구	여의동	8,082	150,277	58,135	4,122	1,893	132,647	51,092	10,267	3,981	3,241	1,169
2017	영등포구	당산1동	3,153	19,916	9,059	2,629	1,012	13,398	6,121	2,176	810	1,713	1,116
2017	영등포구	당산2동	2,245	20,112	9,243	1,687	735	15,000	6,497	1,152	574	2,273	1,437
2017	영등포구	양평1동	3,114	23,033	9,678	2,503	530	18,179	8,347	1,810	490	541	311
2017	영등포구	양평2동	2,102	18,290	6,828	1,495	582	14,235	5,188	2,171	924	389	134
2017	영등포구	신길1동	1,157	6,772	2,905	1,237	560	4,819	1,831	675	486	41	28
2017	영등포구	신길3동	1,555	3,105	1,312	1,656	492	1,231	722	211	96	7	2
2017	영등포구	신길4동	484	1,637	912	503	192	794	428	228	180	112	112
2017	영등포구	신길5동	604	2,753	1,100	605	239	1,402	610	665	198	81	53
2017	영등포구	신길6동	1,282	4,564	2,444	1,270	545	2,661	1,463	563	378	70	58
2017	영등포구	신길7동	594	2,615	1,243	502	208	1,868	883	217	142	28	10
2017	영등포구	대림1동	1,094	4,347	2,567	1,160	536	2,720	1,773	436	242	31	16
2017	영등포구	대림2동	1,415	4,615	2,553	1,628	853	2,459	1,326	381	264	147	110
2017	영등포구	대림3동	2,140	9,929	4,378	2,053	832	6,492	2,788	1,014	492	370	266
2017	영등포구	영등포본동	1,482	5,520	2,915	1,406	632	2,886	1,608	1,107	634	121	41
2017	영등포구	영등포동	6,320	39,149	19,033	5,724	2,281	27,512	13,745	3,880	2,015	2,033	992
2017	영등포구	도림동	1,052	3,638	1,397	1,015	385	2,082	824	478	151	63	37
2017	영등포구	문래동	5,288	42,528	16,591	4,262	1,183	31,445	11,980	4,097	1,690	2,724	1,738
2017	동작구	소계	19,966	110,422	57,038	20,921	9,472	65,698	34,303	17,158	9,475	6,645	3,788
2017	동작구	노량진2동	1,634	6,715	3,083	1,999	892	3,971	1,676	514	313	231	202
2017	동작구	상도1동	1,697	8,757	4,310	1,738	794	4,295	2,120	1,297	742	1,427	654
2017	동작구	상도2동	1,344	5,059	2,748	1,386	674	2,779	1,498	691	431	203	145
2017	동작구	상도3동	1,017	2,937	1,524	1,109	466	1,236	745	398	198	194	115
2017	동작구	상도4동	934	2,787	1,554	1,029	431	1,503	991	249	131	6	1
2017	동작구	사당1동	1,856	10,295	5,409	1,723	752	5,174	2,637	1,698	882	1,700	1,138
2017	동작구	사당3동	959	4,219	2,086	919	388	2,250	1,171	912	417	138	110
2017	동작구	사당4동	664	1,791	976	714	306	795	479	279	188	3	3
2017	동작구	사당5동	508	1,738	802	498	193	894	462	212	107	134	40
2017	동작구	대방동	1,734	12,303	5,451	1,653	701	7,793	3,638	2,266	771	591	341
2017	동작구	신대방1동	1,052	4,104	1,979	1,074	518	2,237	1,110	531	245	262	106
2017	동작구	신대방2동	1,238	23,348	12,953	1,091	503	19,271	10,319	2,345	1,657	641	474
2017	동작구	흑석동	1,514	10,524	5,642	1,604	796	5,762	3,015	2,849	1,665	309	166
2017	동작구	노량진1동	2,148	9,368	4,746	2,584	1,225	4,158	2,237	1,889	1,034	737	250
2017	동작구	사당2동	1,667	6,477	3,775	1,800	833	3,580	2,205	1,028	694	69	43
2017	관악구	소계	26,374	115,390	54,992	27,323	11,451	58,896	29,113	23,277	11,067	5,894	3,361
2017	관악구	보라매동	1,407	7,026	3,473	1,356	641	3,913	1,929	1,136	669	621	234
2017	관악구	청림동	446	1,262	730	484	230	549	349	152	86	77	65
2017	관악구	행운동	1,480	6,467	3,526	1,507	671	2,903	1,502	1,807	1,179	250	174
2017	관악구	낙성대동	1,323	7,768	3,376	1,297	533	4,577	2,036	1,226	570	668	237
2017	관악구	중앙동	1,028	4,941	2,651	1,044	427	2,369	1,452	1,032	449	496	323
2017	관악구	인헌동	1,025	4,017	2,150	1,095	503	2,238	1,262	607	349	77	36
2017	관악구	남현동	846	4,905	2,295	796	345	2,414	1,178	1,496	644	199	128
2017	관악구	서원동	1,312	7,024	3,817	1,299	576	3,566	2,000	1,869	1,015	290	226
2017	관악구	신원동	847	2,355	1,372	1,027	483	953	626	347	238	28	25
2017	관악구	서림동	1,311	3,331	1,257	1,382	389	1,426	603	399	195	124	70
2017	관악구	신사동	1,384	4,721	2,223	1,519	662	1,703	909	1,024	406	475	246
2017	관악구	신림동	1,659	5,964	2,913	1,876	870	2,705	1,359	1,016	448	367	236
2017	관악구	난향동	426	2,144	1,138	434	159	1,525	863	165	102	20	14
2017	관악구	조원동	2,215	7,919	3,386	2,383	904	3,704	1,409	1,425	784	407	289
2017	관악구	대학동	1,669	12,981	5,868	1,620	734	8,525	3,495	2,554	1,501	282	138
2017	관악구	은천동	1,640	7,316	3,329	1,669	695	3,453	1,712	1,593	532	601	390
2017	관악구	성현동	877	2,928	1,575	875	347	1,680	1,004	341	198	32	26
2017	관악구	청룡동	1,856	11,363	4,721	1,803	785	5,833	2,606	3,261	987	466	343
2017	관악구	난곡동	973	2,426	1,264	1,050	377	1,104	724	239	140	33	23
2017	관악구	삼성동	1,052	2,338	1,129	1,134	445	1,053	601	135	76	16	7
2017	관악구	미성동	1,598	6,194	2,799	1,673	675	2,703	1,494	1,453	499	365	131
2017	서초구	소계	46,207	436,763	174,308	32,796	14,247	319,131	133,427	73,339	20,848	11,497	5,786
2017	서초구	서초1동	3,612	34,095	13,024	2,294	842	24,722	10,191	6,833	1,905	246	86
2017	서초구	서초2동	4,356	53,006	17,579	2,358	1,011	35,550	14,033	13,812	1,869	1,286	666
2017	서초구	서초3동	7,525	78,122	32,161	4,621	1,587	63,614	27,035	7,641	2,420	2,246	1,119
2017	서초구	서초4동	2,869	27,550	13,895	2,167	872	21,158	10,729	3,199	1,663	1,026	631
2017	서초구	잠원동	2,137	17,616	7,128	1,640	751	13,241	5,354	2,111	651	624	372
2017	서초구	반포본동	682	2,652	1,440	633	379	1,554	758	231	145	234	158
2017	서초구	반포1동	1,508	9,952	4,366	1,230	592	7,008	3,048	1,310	434	404	292
2017	서초구	반포2동	455	2,670	1,378	391	219	2,014	1,021	183	103	82	35
2017	서초구	반포3동	969	7,480	3,559	852	443	4,965	2,294	1,302	676	361	146
2017	서초구	반포4동	3,586	30,004	15,573	3,106	1,733	21,477	11,358	4,591	2,209	830	273
2017	서초구	방배본동	1,583	8,705	3,699	1,341	636	6,076	2,439	1,148	544	140	80
2017	서초구	방배1동	1,805	17,008	7,351	1,384	645	10,492	5,725	4,719	791	413	190
2017	서초구	방배2동	1,977	18,695	8,463	1,562	665	12,809	5,984	3,178	1,202	1,146	612
2017	서초구	방배3동	1,196	14,893	4,806	822	375	9,118	3,360	4,661	970	292	101
2017	서초구	방배4동	2,396	14,199	6,536	1,879	791	10,183	4,701	1,636	657	501	387
2017	서초구	양재1동	3,599	43,639	14,949	2,390	997	31,978	11,413	8,663	2,288	608	251
2017	서초구	양재2동	5,271	49,006	15,821	3,487	1,420	37,751	12,115	6,877	1,976	891	310
2017	서초구	내곡동	681	7,471	2,580	639	289	5,421	1,869	1,244	345	167	77
2017	강남구	소계	72,511	679,047	300,039	46,422	19,712	522,919	233,349	80,800	32,114	28,906	14,864
2017	강남구	신사동	4,365	26,783	14,346	3,152	1,357	20,093	10,904	2,609	1,544	929	541
2017	강남구	논현1동	5,578	40,669	19,045	3,692	1,486	30,818	14,680	5,132	2,141	1,027	738
2017	강남구	논현2동	5,542	59,822	25,307	3,297	1,390	47,468	20,802	7,186	2,406	1,871	709
2017	강남구	삼성1동	4,169	62,947	26,257	1,942	899	52,503	21,742	8,082	3,444	420	172
2017	강남구	삼성2동	3,740	42,389	17,999	2,158	941	33,567	14,153	3,703	1,686	2,961	1,219
2017	강남구	대치1동	1,133	7,278	4,075	947	462	4,376	2,513	1,040	639	915	461
2017	강남구	대치4동	3,699	29,228	12,174	2,775	1,206	21,277	8,052	2,829	1,590	2,347	1,326
2017	강남구	역삼1동	15,590	146,000	60,833	8,243	3,303	112,926	46,289	16,658	6,923	8,173	4,318
2017	강남구	역삼2동	3,480	40,049	17,860	2,009	865	31,880	14,764	4,035	1,098	2,125	1,133
2017	강남구	도곡1동	1,688	15,994	6,689	1,169	491	11,252	4,989	2,376	671	1,197	538
2017	강남구	도곡2동	1,858	22,508	9,003	1,108	546	16,695	7,058	4,079	1,165	626	234
2017	강남구	개포1동	467	1,460	499	475	185	934	285	50	29	1	-
2017	강남구	개포4동	2,182	11,888	4,213	1,519	567	8,088	2,998	1,932	463	349	185
2017	강남구	일원본동	448	8,210	5,919	396	218	7,684	5,644	124	53	6	4
2017	강남구	일원1동	2,162	7,064	2,676	2,170	456	3,202	1,519	1,600	670	92	31
2017	강남구	일원2동	646	8,831	2,452	526	246	7,807	1,868	451	299	47	39
2017	강남구	수서동	1,527	17,219	6,759	819	336	12,704	5,308	3,381	994	315	121
2017	강남구	세곡동	1,025	5,389	2,413	910	345	3,673	1,712	451	291	355	65
2017	강남구	압구정동	4,131	28,141	16,047	2,948	1,359	21,456	12,323	2,469	1,484	1,268	881
2017	강남구	청담동	4,432	39,229	20,543	3,022	1,524	29,190	15,584	5,705	2,537	1,312	898
2017	강남구	대치2동	3,965	54,807	23,122	2,494	1,201	43,312	19,012	6,561	1,755	2,440	1,154
2017	강남구	개포2동	684	3,142	1,808	651	329	2,014	1,150	347	232	130	97
2017	송파구	소계	46,676	329,447	130,869	38,942	16,423	218,109	87,752	63,022	21,310	9,374	5,384
2017	송파구	풍납1동	752	2,611	1,386	787	354	1,366	765	338	147	120	120
2017	송파구	풍납2동	1,168	15,033	9,090	1,121	479	13,120	8,286	641	305	151	20
2017	송파구	거여1동	839	3,732	1,788	857	328	2,196	983	411	264	268	213
2017	송파구	거여2동	905	4,088	1,934	861	320	2,269	989	784	465	174	160
2017	송파구	마천1동	960	2,333	1,152	1,039	411	1,042	585	211	127	41	29
2017	송파구	마천2동	1,352	4,337	1,877	1,365	542	2,668	1,177	281	150	23	8
2017	송파구	방이1동	1,382	9,915	3,818	1,192	551	5,644	2,199	2,543	682	536	386
2017	송파구	방이2동	2,940	21,081	7,159	2,346	979	12,970	4,751	4,653	1,030	1,112	399
2017	송파구	오륜동	522	4,455	2,122	413	254	3,266	1,481	739	362	37	25
2017	송파구	오금동	2,378	15,311	6,560	2,153	861	10,508	4,111	2,551	1,516	99	72
2017	송파구	송파1동	2,535	14,100	5,297	2,181	809	5,966	2,371	4,807	1,368	1,146	749
2017	송파구	송파2동	893	4,134	1,993	822	392	2,680	1,299	457	194	175	108
2017	송파구	석촌동	2,570	15,121	6,392	2,340	1,007	8,041	3,686	3,835	972	905	727
2017	송파구	삼전동	2,080	14,428	4,425	1,978	829	7,336	2,814	4,838	601	276	181
2017	송파구	가락본동	3,587	26,403	9,840	2,656	1,106	17,768	7,275	5,433	1,158	546	301
2017	송파구	가락1동	2,800	10,718	3,162	1,113	434	9,039	2,493	546	235	20	-
2017	송파구	가락2동	1,869	9,696	4,413	1,672	741	6,151	2,745	1,727	865	146	62
2017	송파구	문정1동	1,370	9,087	3,263	1,183	507	6,395	2,214	1,387	482	122	60
2017	송파구	문정2동	5,153	41,271	13,236	3,480	1,154	27,361	9,483	9,608	2,433	822	166
2017	송파구	장지동	1,388	10,344	3,447	1,246	489	7,554	2,369	1,392	488	152	101
2017	송파구	위례동	533	3,457	1,438	478	236	2,443	840	483	322	53	40
2017	송파구	잠실본동	3,037	22,895	9,318	2,946	1,309	14,257	5,768	5,216	1,939	476	302
2017	송파구	잠실4동	495	1,957	1,224	502	273	1,170	746	254	182	31	23
2017	송파구	잠실6동	2,620	46,806	17,257	1,899	750	37,461	13,057	5,950	2,526	1,496	924
2017	송파구	잠실7동	202	1,244	702	195	113	840	505	103	43	106	41
2017	송파구	잠실2동	757	4,563	2,419	755	418	2,941	1,589	699	382	168	30
2017	송파구	잠실3동	1,589	10,327	6,157	1,362	777	5,657	3,171	3,135	2,072	173	137
2017	강동구	소계	29,952	146,512	68,934	30,289	12,240	85,562	40,881	23,599	10,771	7,062	5,042
2017	강동구	강일동	955	14,962	3,683	847	295	12,505	2,892	1,400	366	210	130
2017	강동구	상일동	976	5,538	2,656	1,010	357	3,754	1,845	647	357	127	97
2017	강동구	명일1동	1,665	6,341	3,659	1,771	853	3,353	2,018	802	427	415	361
2017	강동구	명일2동	1,134	4,752	2,712	1,123	527	2,502	1,494	785	470	342	221
2017	강동구	고덕1동	714	2,390	1,257	738	317	1,289	754	258	119	105	67
2017	강동구	고덕2동	1,666	3,034	930	1,692	260	966	456	284	167	92	47
2017	강동구	암사2동	864	5,290	2,838	845	349	2,429	1,438	1,824	887	192	164
2017	강동구	암사3동	614	2,121	1,061	617	243	1,168	700	318	100	18	18
2017	강동구	천호1동	1,575	6,253	3,063	1,641	617	2,972	1,634	1,287	540	353	272
2017	강동구	천호3동	1,859	7,527	3,645	1,844	793	4,291	1,933	822	440	570	479
2017	강동구	성내1동	2,102	22,241	10,098	1,711	654	14,439	7,263	5,206	1,681	885	500
2017	강동구	성내2동	1,952	7,860	4,341	2,027	869	3,187	1,672	1,615	924	1,031	876
2017	강동구	성내3동	2,427	9,289	4,543	2,520	1,110	5,372	2,685	1,071	531	326	217
2017	강동구	둔촌1동	102	540	203	86	18	436	176	18	9	-	-
2017	강동구	둔촌2동	1,627	9,182	4,516	1,595	656	6,334	3,215	992	436	261	209
2017	강동구	암사1동	1,936	5,684	2,621	2,166	901	2,523	1,298	856	369	139	53
2017	강동구	천호2동	3,730	14,996	7,861	3,743	1,692	7,992	4,131	2,457	1,485	804	553
2017	강동구	길동	4,054	18,512	9,247	4,313	1,729	10,050	5,277	2,957	1,463	1,192	778